cycle,Population_size,Deleterious_muts,Beneficial_muts,Mean_fitness
1,1000,0,0,1.0
101,707,1331,31,0.569892
201,670,1297,40,0.556156
301,662,1433,34,0.547393
401,681,1380,49,0.567041
501,673,1403,47,0.565535
601,670,1401,40,0.515394
701,721,1460,50,0.55684
801,655,1496,48,0.560268
901,671,1460,56,0.578617
1001,683,1434,51,0.553008
1101,649,1456,58,0.559887
1201,648,1390,43,0.567522
1301,700,1519,50,0.54391
1401,660,1384,50,0.55699
1501,704,1433,48,0.552538
1601,695,1432,67,0.603093
1701,660,1558,50,0.559016
1801,661,1408,59,0.544044
1901,676,1444,81,0.557371
2001,694,1483,67,0.566465
2101,679,1534,62,0.539607
2201,691,1461,59,0.577873
2301,692,1562,63,0.579363
2401,656,1496,49,0.573326
2501,670,1475,60,0.551152
2601,671,1530,56,0.553241
2701,651,1566,58,0.548477
2801,671,1502,52,0.539453
2901,668,1513,62,0.560455
3001,676,1455,58,0.532203
3101,686,1525,60,0.560504
3201,683,1510,61,0.561652
3301,678,1533,57,0.551273
3401,686,1575,68,0.562505
3501,669,1520,61,0.550286
3601,678,1455,62,0.550073
3701,698,1510,57,0.553675
3801,697,1509,65,0.55657
3901,647,1535,63,0.560998
4001,706,1549,53,0.556088
4101,668,1563,69,0.562014
4201,659,1573,60,0.555456
4301,699,1564,64,0.541913
4401,699,1544,58,0.558408
4501,611,1473,55,0.542889
4601,673,1539,72,0.530108
4701,626,1465,68,0.530379
4801,658,1497,62,0.548932
4901,712,1566,69,0.546288
5001,671,1529,68,0.543691
5101,679,1557,60,0.543249
5201,711,1485,76,0.571539
5301,655,1558,65,0.581762
5401,662,1544,71,0.582021
5501,654,1564,66,0.57487
5601,691,1549,66,0.569466
5701,672,1630,76,0.552822
5801,692,1609,74,0.535523
5901,676,1589,68,0.561867
6001,648,1586,63,0.531962
6101,681,1515,73,0.558292
6201,683,1558,68,0.534369
6301,675,1483,64,0.552436
6401,657,1516,68,0.569383
6501,682,1520,78,0.563319
6601,671,1540,75,0.555172
6701,647,1459,68,0.567616
6801,688,1526,82,0.546782
6901,710,1568,78,0.55002
7001,682,1536,82,0.579628
7101,645,1406,65,0.578163
7201,687,1510,76,0.575995
7301,653,1509,71,0.545814
7401,709,1574,71,0.565732
7501,691,1547,79,0.539136
7601,676,1546,74,0.588138
7701,694,1600,72,0.542261
7801,645,1527,72,0.550141
7901,690,1582,76,0.533516
8001,660,1465,84,0.563507
8101,612,1509,71,0.574674
8201,710,1546,77,0.571757
8301,687,1597,80,0.537853
8401,669,1527,90,0.546915
8501,693,1586,89,0.554462
8601,662,1610,82,0.551236
8701,688,1541,86,0.586391
8801,697,1548,89,0.552042
8901,661,1449,82,0.590686
9001,681,1540,89,0.55037
9101,709,1564,87,0.569358
9201,672,1470,88,0.545473
9301,677,1523,89,0.534743
9401,653,1486,87,0.5401
9501,662,1547,102,0.55079
9601,694,1557,89,0.529139
9701,670,1570,90,0.554358
9801,698,1602,91,0.57284
9901,644,1568,107,0.557592
10001,655,1541,93,0.571068
10101,702,1617,86,0.581574
10201,694,1578,114,0.544906
10301,670,1558,100,0.582764
10401,665,1541,114,0.553831
10501,666,1516,110,0.552543
10601,703,1636,104,0.557592
10701,680,1603,110,0.557187
10801,689,1643,108,0.554935
10901,705,1622,112,0.565344
11001,680,1581,107,0.554659
11101,707,1572,104,0.583925
11201,660,1590,125,0.575282
11301,674,1617,113,0.574026
11401,724,1683,123,0.554147
11501,688,1655,124,0.522917
11601,680,1544,104,0.582646
11701,723,1616,111,0.562342
11801,685,1582,101,0.554743
11901,699,1532,98,0.548532
12001,721,1665,109,0.542219
12101,696,1600,99,0.534805
12201,708,1573,112,0.551409
12301,670,1573,110,0.555586
12401,697,1644,107,0.54095
12501,699,1635,111,0.569149
12601,717,1624,119,0.559094
12701,687,1541,112,0.56335
12801,666,1579,116,0.559176
12901,731,1634,114,0.581706
13001,726,1659,125,0.567404
13101,739,1627,116,0.556249
13201,707,1641,127,0.5916
13301,714,1582,133,0.563416
13401,723,1598,132,0.56722
13501,727,1669,137,0.540332
13601,719,1750,125,0.560859
13701,729,1657,127,0.553442
13801,729,1650,121,0.553546
13901,703,1700,115,0.542197
14001,710,1679,119,0.546863
14101,708,1623,126,0.55235
14201,696,1662,122,0.56655
14301,717,1691,133,0.545008
14401,681,1632,125,0.539064
14501,722,1673,117,0.552698
14601,731,1680,131,0.544838
14701,729,1604,123,0.563534
14801,660,1698,126,0.532371
14901,689,1711,129,0.528682
15001,711,1738,117,0.537599
15101,731,1755,125,0.565906
15201,675,1540,128,0.562355
15301,755,1711,144,0.560306
15401,726,1755,141,0.554603
15501,702,1711,140,0.568919
15601,725,1725,131,0.553826
15701,695,1672,131,0.56411
15801,695,1600,141,0.556746
15901,744,1680,125,0.54445
16001,766,1763,125,0.527477
16101,714,1587,129,0.563217
16201,720,1678,130,0.537147
16301,730,1728,131,0.557729
16401,712,1652,140,0.575863
16501,719,1708,128,0.55022
16601,715,1698,142,0.586958
16701,764,1670,134,0.545793
16801,706,1733,123,0.569031
16901,721,1750,131,0.577584
17001,761,1701,131,0.557706
17101,685,1716,121,0.557286
17201,712,1747,131,0.560927
17301,729,1697,130,0.560801
17401,753,1717,124,0.571409
17501,710,1703,130,0.557811
17601,724,1700,124,0.582779
17701,731,1726,137,0.547834
17801,713,1774,134,0.549044
17901,737,1794,151,0.54051
18001,736,1735,142,0.555559
18101,736,1789,149,0.563131
18201,744,1746,145,0.550313
18301,752,1731,151,0.554098
18401,727,1743,127,0.566985
18501,694,1669,140,0.549912
18601,712,1724,145,0.532497
18701,735,1741,145,0.535273
18801,726,1745,153,0.581411
18901,739,1764,148,0.553749
19001,739,1798,149,0.551424
19101,776,1665,149,0.583111
19201,724,1739,149,0.548703
19301,757,1831,137,0.549489
19401,718,1714,146,0.560852
19501,744,1748,145,0.5533
19601,764,1741,138,0.556973
19701,729,1722,133,0.565002
19801,753,1792,154,0.530981
19901,737,1754,145,0.590304
20001,752,1796,142,0.568547
20101,760,1790,151,0.560895
20201,734,1738,145,0.573001
20301,735,1728,152,0.571798
20401,802,1800,153,0.554887
20501,789,1813,157,0.532945
20601,782,1801,144,0.579019
20701,756,1728,154,0.552998
20801,750,1715,152,0.578467
20901,738,1763,157,0.548605
21001,744,1767,149,0.563025
21101,737,1720,149,0.555593
21201,771,1786,160,0.543625
21301,762,1751,165,0.559367
21401,756,1772,166,0.555751
21501,739,1767,156,0.564026
21601,749,1844,156,0.540448
21701,765,1816,158,0.55108
21801,756,1778,159,0.5894
21901,740,1749,157,0.577709
22001,731,1765,165,0.571776
22101,746,1708,163,0.542894
22201,768,1830,161,0.539941
22301,666,1763,159,0.547108
22401,762,1747,164,0.523693
22501,748,1812,167,0.557398
22601,747,1750,163,0.545976
22701,709,1741,164,0.56085
22801,715,1800,175,0.558555
22901,730,1721,179,0.57351
23001,748,1790,174,0.567349
23101,770,1811,172,0.539132
23201,765,1815,174,0.567755
23301,773,1818,159,0.57897
23401,791,1804,175,0.56436
23501,707,1814,176,0.553832
23601,693,1757,175,0.527947
23701,728,1752,164,0.557739
23801,776,1828,181,0.573195
23901,742,1856,176,0.570157
24001,754,1811,160,0.586732
24101,749,1721,171,0.582046
24201,770,1900,161,0.536425
24301,735,1779,173,0.565811
24401,726,1727,171,0.56359
24501,739,1750,170,0.542633
24601,780,1806,175,0.567274
24701,742,1764,166,0.557936
24801,733,1801,172,0.561754
24901,742,1834,164,0.556626
25001,744,1860,166,0.537421
25101,811,1840,166,0.560206
25201,747,1758,170,0.575084
25301,775,1852,173,0.539213
25401,722,1826,175,0.544083
25501,745,1742,174,0.564853
25601,753,1833,179,0.551348
25701,740,1768,184,0.581657
25801,734,1828,174,0.546047
25901,748,1795,161,0.55257
26001,790,1812,185,0.568243
26101,818,1945,170,0.534
26201,750,1788,170,0.567823
26301,755,1872,185,0.562032
26401,741,1863,180,0.566471
26501,785,1864,188,0.58186
26601,789,1800,188,0.559321
26701,792,1852,187,0.553314
26801,768,1839,186,0.56248
26901,748,1882,184,0.56662
27001,794,1941,188,0.554209
27101,764,1862,191,0.56195
27201,745,1827,187,0.565442
27301,798,1879,189,0.536821
27401,761,1921,190,0.586916
27501,811,1825,191,0.552295
27601,761,1855,193,0.535446
27701,775,1896,184,0.566087
27801,751,1863,197,0.565826
27901,769,1915,192,0.549078
28001,750,1895,186,0.56708
28101,785,1874,193,0.542491
28201,734,1882,202,0.528344
28301,816,1861,199,0.548921
28401,792,1902,212,0.549101
28501,783,1855,196,0.558153
28601,796,1869,204,0.566955
28701,755,1803,210,0.559416
28801,783,1925,208,0.545769
28901,774,1840,199,0.550183
29001,771,1896,198,0.562326
29101,784,1898,204,0.581004
29201,776,1855,205,0.573318
29301,785,1888,202,0.576235
29401,776,1895,208,0.55895
29501,809,1902,195,0.569857
29601,769,1866,202,0.535806
29701,802,1924,200,0.554558
29801,801,1874,198,0.57199
29901,773,1851,210,0.549041
30001,818,1868,205,0.554709
30101,821,1953,215,0.556604
30201,767,1879,205,0.560148
30301,800,1882,213,0.563508
30401,801,1835,210,0.562205
30501,773,1947,216,0.549456
30601,738,1871,218,0.532282
30701,794,2009,211,0.54708
30801,820,1915,211,0.547686
30901,793,1962,199,0.536436
31001,779,1964,216,0.552082
31101,802,1927,210,0.576802
31201,751,1935,210,0.548417
31301,836,1963,225,0.563681
31401,791,1912,223,0.546348
31501,817,1920,235,0.585621
31601,798,1945,214,0.547464
31701,842,1884,222,0.571417
31801,790,1937,224,0.56493
31901,787,1993,222,0.558119
32001,792,1957,219,0.532323
32101,805,1892,206,0.558741
32201,809,1975,218,0.549389
32301,782,1885,235,0.55101
32401,816,1948,240,0.540772
32501,764,1960,220,0.563531
32601,805,1968,233,0.546349
32701,803,2026,242,0.55251
32801,792,1999,225,0.540076
32901,766,1933,223,0.564687
33001,793,1918,235,0.566515
33101,820,1969,229,0.580193
33201,813,1928,236,0.561949
33301,826,2025,230,0.592299
33401,818,2004,236,0.542492
33501,808,2017,236,0.552225
33601,780,1942,242,0.570308
33701,790,1968,250,0.566826
33801,848,1989,236,0.538871
33901,785,1965,235,0.567675
34001,812,1957,243,0.539514
34101,807,1912,239,0.580836
34201,837,2000,235,0.544421
34301,823,2002,236,0.543633
34401,827,1960,238,0.552641
34501,834,2013,237,0.55119
34601,813,2052,231,0.564131
34701,817,2042,235,0.549274
34801,798,1936,235,0.555099
34901,807,2037,243,0.557279
35001,796,1986,238,0.573418
35101,820,2045,234,0.571713
35201,844,2060,236,0.542636
35301,832,2064,240,0.557861
35401,792,1959,246,0.538194
35501,837,2053,238,0.553969
35601,820,1986,240,0.565139
35701,796,1913,239,0.555074
35801,833,1982,241,0.542385
35901,837,1990,240,0.552253
36001,822,1897,243,0.550157
36101,781,2010,231,0.531853
36201,823,2084,238,0.537725
36301,781,1978,251,0.564738
36401,784,1997,238,0.578151
36501,818,1948,243,0.556396
36601,837,2033,243,0.552553
36701,803,2071,239,0.555131
36801,833,2032,252,0.587887
36901,805,1935,241,0.558833
37001,811,1988,251,0.573298
37101,816,2031,258,0.570161
37201,766,1995,256,0.561166
37301,819,2054,251,0.541274
37401,803,2038,248,0.545533
37501,815,1993,258,0.553924
37601,809,2128,253,0.545329
37701,834,2048,254,0.568187
37801,804,2040,250,0.544302
37901,820,2020,253,0.572211
38001,851,2070,254,0.555482
38101,822,1984,256,0.549802
38201,861,2087,273,0.554596
38301,819,2048,259,0.542354
38401,844,2119,266,0.564412
38501,843,2068,268,0.57437
38601,786,1964,252,0.574518
38701,838,2061,244,0.550939
38801,844,2096,249,0.573948
38901,822,2029,251,0.559478
39001,863,2056,253,0.545519
39101,813,2084,254,0.531126
39201,839,2049,257,0.553549
39301,847,2088,265,0.567379
39401,836,2111,252,0.532264
39501,839,2118,273,0.56329
39601,825,2067,266,0.558954
39701,820,2073,250,0.539112
39801,834,2049,256,0.578177
39901,815,2059,263,0.567618
40001,833,2090,273,0.55703
40101,823,2014,276,0.569393
40201,830,2073,267,0.545095
40301,837,2130,263,0.543247
40401,857,2102,263,0.562404
40501,873,2039,268,0.564708
40601,847,2032,279,0.535128
40701,827,2029,294,0.572828
40801,822,2060,258,0.557307
40901,810,2008,266,0.547928
41001,801,2065,274,0.561356
41101,844,2047,267,0.568091
41201,874,2127,273,0.573097
41301,809,2096,255,0.553601
41401,827,2209,266,0.555975
41501,811,2139,266,0.552673
41601,853,2129,276,0.565834
41701,802,2109,270,0.542655
41801,827,2182,276,0.549307
41901,781,2137,264,0.546553
42001,847,2101,265,0.555717
42101,867,2025,254,0.548971
42201,786,2032,270,0.569142
42301,864,2072,260,0.555137
42401,814,2073,257,0.558342
42501,808,2031,259,0.5497
42601,818,2073,261,0.562927
42701,853,2106,262,0.569783
42801,812,2068,276,0.55227
42901,846,2116,274,0.563453
43001,824,2113,285,0.531367
43101,804,2132,275,0.537938
43201,827,2094,283,0.555479
43301,855,2143,277,0.556552
43401,817,2125,286,0.550912
43501,867,2168,280,0.545882
43601,846,2200,276,0.558461
43701,869,2183,280,0.542354
43801,827,2116,289,0.574457
43901,798,2157,287,0.547412
44001,850,2094,283,0.555365
44101,880,2154,282,0.568378
44201,868,2176,287,0.54044
44301,846,2140,289,0.554655
44401,866,2121,277,0.547225
44501,840,2124,284,0.547249
44601,840,2189,287,0.540876
44701,837,2179,291,0.557442
44801,816,2197,293,0.550038
44901,841,2128,284,0.547706
45001,864,2168,283,0.578594
45101,869,2233,300,0.55605
45201,857,2136,285,0.561282
45301,883,2159,297,0.543241
45401,823,2149,302,0.54369
45501,840,2148,297,0.542571
45601,832,2133,297,0.549955
45701,864,2091,295,0.549895
45801,845,2146,293,0.553813
45901,827,2156,297,0.539596
46001,856,2138,301,0.571935
46101,846,2190,281,0.568712
46201,846,2116,282,0.57061
46301,876,2162,299,0.54425
46401,849,2169,294,0.544607
46501,854,2185,299,0.546594
46601,840,2207,308,0.554778
46701,844,2170,304,0.545817
46801,833,2170,296,0.551083
46901,862,2165,299,0.572361
47001,827,2161,299,0.574701
47101,853,2195,296,0.539143
47201,876,2164,294,0.561689
47301,850,2168,292,0.544553
47401,834,2189,305,0.569172
47501,852,2208,304,0.547646
47601,870,2203,298,0.555863
47701,860,2190,292,0.578982
47801,853,2200,299,0.537617
47901,860,2237,286,0.564301
48001,834,2221,305,0.51968
48101,848,2193,290,0.590532
48201,878,2102,291,0.572448
48301,808,2142,302,0.536652
48401,870,2168,292,0.572526
48501,868,2191,312,0.572124
48601,879,2257,308,0.553218
48701,875,2173,303,0.53437
48801,896,2220,301,0.552513
48901,865,2175,308,0.563186
49001,882,2257,312,0.564523
49101,848,2253,304,0.541988
49201,884,2249,301,0.562667
49301,865,2288,296,0.528235
49401,857,2194,300,0.58209
49501,884,2274,310,0.538117
49601,883,2145,315,0.546279
49701,828,2134,296,0.564852
49801,881,2329,299,0.542951
49901,847,2298,311,0.565005
50001,830,2234,309,0.555681
50101,890,2288,330,0.58948
50201,854,2200,301,0.574679
50301,824,2190,305,0.558137
50401,856,2163,302,0.556249
50501,832,2175,306,0.557685
50601,911,2312,306,0.538853
50701,901,2284,299,0.564153
50801,881,2171,315,0.585653
50901,862,2290,314,0.552556
51001,916,2278,314,0.535387
51101,874,2224,309,0.567262
51201,847,2260,316,0.545156
51301,884,2206,314,0.547947
51401,853,2338,317,0.536564
51501,910,2262,309,0.537592
51601,884,2187,324,0.549528
51701,853,2186,314,0.553112
51801,876,2249,323,0.552325
51901,869,2251,325,0.570543
52001,917,2310,320,0.551204
52101,887,2220,311,0.566807
52201,873,2225,314,0.551766
52301,927,2325,319,0.540533
52401,881,2325,303,0.537908
52501,897,2317,324,0.562864
52601,832,2247,319,0.557596
52701,923,2290,313,0.545122
52801,875,2289,311,0.580041
52901,886,2290,335,0.563935
53001,890,2267,332,0.56689
53101,857,2296,330,0.547011
53201,845,2164,325,0.557689
53301,884,2327,326,0.534584
53401,825,2180,331,0.543416
53501,894,2298,336,0.563857
53601,876,2286,336,0.535628
53701,893,2267,335,0.598801
53801,905,2245,331,0.561696
53901,873,2286,333,0.548403
54001,910,2277,326,0.561654
54101,888,2311,331,0.543042
54201,872,2283,326,0.554695
54301,914,2299,329,0.54423
54401,887,2318,331,0.555037
54501,922,2269,337,0.58061
54601,913,2375,347,0.554594
54701,942,2274,341,0.594221
54801,950,2322,327,0.552189
54901,904,2320,337,0.540209
55001,888,2297,342,0.530611
55101,902,2230,323,0.542098
55201,914,2348,351,0.552373
55301,931,2374,342,0.564499
55401,915,2336,347,0.557049
55501,926,2324,366,0.550026
55601,937,2341,356,0.555664
55701,897,2354,347,0.532658
55801,898,2323,344,0.573456
55901,920,2353,338,0.549078
56001,896,2321,346,0.555473
56101,921,2351,345,0.549376
56201,906,2409,346,0.570735
56301,905,2391,348,0.553143
56401,925,2349,341,0.560553
56501,934,2403,333,0.581965
56601,959,2429,350,0.590828
56701,938,2434,358,0.573099
56801,962,2416,355,0.572223
56901,951,2480,343,0.536989
57001,904,2433,342,0.532097
57101,949,2351,347,0.556349
57201,973,2379,355,0.550873
57301,932,2340,348,0.577413
57401,952,2412,369,0.565964
57501,906,2339,359,0.576217
57601,908,2382,370,0.554457
57701,973,2432,352,0.533982
57801,913,2423,368,0.556095
57901,922,2357,350,0.564229
58001,973,2470,365,0.544196
58101,958,2448,347,0.571004
58201,920,2345,365,0.557325
58301,912,2416,364,0.540754
58401,977,2482,378,0.562515
58501,949,2519,359,0.556864
58601,967,2404,353,0.538775
58701,928,2394,368,0.543546
58801,992,2434,361,0.577492
58901,939,2531,357,0.551732
59001,922,2451,370,0.600184
59101,930,2399,361,0.563454
59201,909,2425,369,0.55802
59301,944,2430,362,0.545308
59401,942,2482,354,0.546844
59501,965,2484,368,0.563278
59601,945,2494,370,0.535486
59701,965,2451,378,0.558196
59801,984,2497,363,0.562051
59901,925,2436,370,0.562697
60001,988,2478,373,0.577409
60101,948,2443,368,0.542075
60201,934,2486,368,0.567588
60301,941,2420,368,0.56988
60401,976,2481,368,0.574209
60501,950,2425,373,0.570699
60601,956,2458,378,0.550943
60701,958,2537,378,0.531278
60801,994,2506,371,0.553958
60901,926,2460,378,0.544813
61001,941,2461,379,0.570391
61101,963,2481,381,0.564749
61201,958,2467,392,0.569459
61301,975,2510,391,0.563908
61401,966,2561,369,0.553776
61501,966,2654,375,0.532682
61601,1026,2687,377,0.540113
61701,953,2554,388,0.533897
61801,984,2523,372,0.552542
61901,1003,2549,372,0.590065
62001,928,2463,369,0.557185
62101,1019,2635,387,0.570897
62201,935,2558,373,0.563787
62301,976,2546,376,0.549992
62401,983,2523,382,0.571904
62501,968,2536,391,0.567478
62601,957,2467,379,0.565097
62701,960,2558,386,0.56045
62801,986,2559,387,0.543883
62901,988,2527,385,0.564536
63001,978,2538,401,0.546667
63101,970,2517,390,0.540373
63201,944,2520,384,0.572788
63301,1024,2534,389,0.568434
63401,966,2446,395,0.572181
63501,953,2538,397,0.536931
63601,1051,2693,403,0.562097
63701,1004,2568,384,0.559302
63801,971,2492,400,0.549461
63901,976,2591,399,0.565764
64001,985,2557,401,0.560334
64101,996,2518,396,0.557605
64201,1028,2584,397,0.544395
64301,984,2502,399,0.574369
64401,972,2570,397,0.568992
64501,981,2529,394,0.564573
64601,1001,2636,393,0.547849
64701,1007,2594,402,0.553781
64801,1030,2650,409,0.581408
64901,1020,2600,403,0.539295
65001,991,2615,414,0.571298
65101,981,2634,407,0.581864
65201,984,2564,408,0.579502
65301,996,2600,412,0.565939
65401,996,2526,414,0.565602
65501,1032,2600,401,0.54258
65601,1041,2567,406,0.545583
65701,1022,2530,406,0.541862
65801,994,2528,416,0.546979
65901,1020,2572,415,0.558204
66001,1027,2612,421,0.533964
66101,1025,2561,417,0.564195
66201,1040,2611,410,0.547302
66301,994,2545,415,0.567032
66401,1000,2542,417,0.567745
66501,1025,2673,400,0.546289
66601,983,2640,414,0.55925
66701,1015,2622,415,0.566455
66801,1019,2611,421,0.540349
66901,1068,2654,415,0.536845
67001,1019,2599,415,0.544558
67101,1061,2610,428,0.540025
67201,1002,2660,413,0.552813
67301,1012,2582,441,0.55479
67401,1007,2678,429,0.57356
67501,1006,2594,426,0.517799
67601,1029,2615,403,0.553613
67701,1031,2589,423,0.562046
67801,954,2575,426,0.534218
67901,1002,2630,426,0.562947
68001,999,2607,423,0.559491
68101,1001,2626,424,0.524401
68201,952,2576,410,0.554586
68301,1041,2606,423,0.572339
68401,1019,2625,429,0.565085
68501,1017,2666,415,0.568522
68601,1022,2578,425,0.541147
68701,1008,2598,427,0.570359
68801,1022,2585,432,0.560932
68901,1036,2619,421,0.583435
69001,1014,2599,413,0.552775
69101,1024,2626,426,0.526394
69201,1004,2632,436,0.562053
69301,1031,2627,416,0.555066
69401,1042,2702,436,0.571235
69501,1031,2634,431,0.557917
69601,1037,2669,432,0.559653
69701,1056,2605,427,0.547158
69801,1025,2639,443,0.552544
69901,1060,2739,431,0.561508
70001,1011,2617,429,0.556856
70101,1007,2633,438,0.565073
70201,1032,2681,434,0.561579
70301,1004,2620,425,0.535985
70401,1009,2611,438,0.566668
70501,1023,2601,442,0.579758
70601,1047,2670,439,0.553208
70701,1031,2679,431,0.548181
70801,1027,2638,444,0.558407
70901,1086,2712,430,0.533312
71001,1081,2646,444,0.551194
71101,1068,2730,444,0.560655
71201,1093,2655,440,0.544073
71301,1001,2655,449,0.554639
71401,1051,2638,450,0.554612
71501,1035,2650,450,0.566524
71601,1074,2723,465,0.538627
71701,1062,2729,457,0.561556
71801,1046,2808,457,0.565357
71901,1036,2678,468,0.548388
72001,1023,2628,455,0.571327
72101,1047,2678,443,0.531127
72201,1038,2696,447,0.560561
72301,1064,2757,448,0.56804
72401,1046,2781,447,0.55476
72501,1046,2690,442,0.557355
72601,1083,2716,451,0.551403
72701,1080,2697,449,0.55955
72801,1056,2742,441,0.548237
72901,1042,2740,453,0.564513
73001,1050,2761,461,0.549923
73101,1074,2798,460,0.554498
73201,1065,2744,473,0.573492
73301,1056,2717,455,0.543543
73401,1075,2720,468,0.552593
73501,1052,2722,464,0.561516
73601,1044,2708,465,0.565965
73701,1021,2679,466,0.564984
73801,1000,2640,467,0.552809
73901,1101,2752,476,0.567975
74001,1101,2871,465,0.553729
74101,1073,2730,476,0.549165
74201,1074,2751,459,0.556789
74301,1074,2761,465,0.555224
74401,1125,2809,467,0.559322
74501,1090,2858,467,0.552197
74601,1045,2757,482,0.546377
74701,1102,2777,474,0.549721
74801,1049,2762,478,0.584622
74901,1128,2915,482,0.535316
75001,1102,2774,465,0.540706
75101,1050,2825,478,0.536958
75201,1086,2801,479,0.56588
75301,1083,2748,477,0.563155
75401,1084,2808,475,0.550072
75501,1107,2803,476,0.566259
75601,1055,2774,490,0.587863
75701,1098,2885,494,0.574002
75801,1107,2865,486,0.568993
75901,1077,2684,485,0.541831
76001,1071,2780,486,0.571404
76101,1044,2835,476,0.542351
76201,1092,2782,485,0.545132
76301,1100,2887,496,0.562773
76401,1114,2893,502,0.541877
76501,1113,2850,500,0.548295
76601,1038,2886,498,0.557301
76701,1111,2890,508,0.550011
76801,1061,2820,491,0.548085
76901,1067,2902,502,0.54866
77001,1126,2928,502,0.543579
77101,1131,2927,485,0.537212
77201,1115,2867,494,0.560099
77301,1094,2885,499,0.540482
77401,1155,2884,490,0.550331
77501,1100,2811,498,0.532494
77601,1114,2905,490,0.555288
77701,1046,2873,493,0.545736
77801,1121,2907,496,0.550733
77901,1122,2874,496,0.551699
78001,1109,2891,495,0.552863
78101,1141,2869,498,0.592682
78201,1104,2888,507,0.556353
78301,1083,2905,498,0.551603
78401,1055,2839,490,0.577747
78501,1077,2879,496,0.543203
78601,1139,2874,488,0.544557
78701,1090,2795,510,0.558317
78801,1147,2904,515,0.584917
78901,1090,2878,518,0.577092
79001,1127,2925,516,0.554947
79101,1121,2969,514,0.55535
79201,1119,2998,509,0.550602
79301,1098,2807,506,0.574713
79401,1137,2997,508,0.563513
79501,1084,2818,510,0.554584
79601,1107,3014,513,0.54633
79701,1124,2848,517,0.571341
79801,1131,2961,514,0.54082
79901,1155,3006,505,0.544784
80001,1129,2989,515,0.540824
80101,1112,2945,528,0.542833
80201,1137,2942,505,0.562792
80301,1119,2936,508,0.555872
80401,1129,2989,512,0.561746
80501,1116,2918,507,0.524677
80601,1098,2879,493,0.545519
80701,1135,2965,501,0.53355
80801,1144,2959,529,0.550578
80901,1121,3025,510,0.533006
81001,1164,2985,507,0.535127
81101,1145,2895,527,0.563647
81201,1152,2952,518,0.538786
81301,1159,3020,524,0.570598
81401,1138,2961,514,0.551596
81501,1066,2917,504,0.568617
81601,1155,3033,516,0.586317
81701,1116,3037,520,0.549333
81801,1136,3003,533,0.55812
81901,1122,2992,520,0.553584
82001,1131,2980,512,0.558876
82101,1151,3051,522,0.576342
82201,1159,3017,509,0.564268
82301,1162,3023,522,0.543387
82401,1166,3079,542,0.559408
82501,1127,3061,530,0.552135
82601,1112,2935,522,0.566346
82701,1114,2947,538,0.551138
82801,1134,3015,526,0.563165
82901,1110,2955,536,0.55959
83001,1155,3058,530,0.548356
83101,1153,3137,528,0.55247
83201,1167,2913,530,0.56053
83301,1135,3056,521,0.567663
83401,1105,2928,535,0.564782
83501,1107,2836,521,0.562802
83601,1193,3076,525,0.570562
83701,1154,3059,517,0.550943
83801,1140,2981,531,0.564366
83901,1151,2945,535,0.560298
84001,1134,3049,535,0.551593
84101,1166,3062,542,0.549305
84201,1184,3040,535,0.559106
84301,1150,3062,547,0.548078
84401,1161,3029,537,0.549031
84501,1138,2989,540,0.551059
84601,1174,2978,538,0.550039
84701,1155,3034,548,0.571639
84801,1187,3074,554,0.558207
84901,1155,3098,540,0.547594
85001,1162,2958,539,0.556912
85101,1116,3044,537,0.559415
85201,1163,3051,539,0.576167
85301,1141,3054,546,0.559559
85401,1200,3085,541,0.549358
85501,1140,3052,535,0.546681
85601,1196,3043,535,0.578775
85701,1161,3004,554,0.558491
85801,1171,3125,568,0.530409
85901,1213,3097,566,0.559505
86001,1204,3075,546,0.571892
86101,1190,3192,542,0.551712
86201,1183,3075,541,0.545991
86301,1183,3140,546,0.568352
86401,1136,3060,544,0.557298
86501,1187,3098,554,0.548226
86601,1217,3120,559,0.529674
86701,1181,3022,569,0.573635
86801,1170,3062,552,0.55143
86901,1193,3081,569,0.567709
87001,1214,3141,558,0.576186
87101,1180,3166,551,0.538233
87201,1190,3158,574,0.559934
87301,1185,3114,569,0.571272
87401,1208,3081,578,0.57763
87501,1185,3180,566,0.563537
87601,1164,3199,568,0.554636
87701,1226,3087,566,0.563193
87801,1233,3205,575,0.527652
87901,1182,3057,569,0.553378
88001,1212,3116,567,0.54511
88101,1209,3100,561,0.562765
88201,1189,3204,569,0.551005
88301,1195,3127,553,0.561158
88401,1214,3129,565,0.569283
88501,1222,3188,564,0.566136
88601,1224,3087,584,0.563261
88701,1230,3055,570,0.563541
88801,1219,3134,586,0.572373
88901,1244,3217,568,0.551927
89001,1187,3151,583,0.56155
89101,1202,3249,582,0.569449
89201,1227,3185,576,0.566616
89301,1207,3109,582,0.547162
89401,1177,3234,581,0.547376
89501,1193,3158,571,0.557413
89601,1263,3255,579,0.544671
89701,1251,3229,591,0.560674
89801,1186,3181,588,0.564321
89901,1205,3313,604,0.560358
90001,1187,3039,578,0.560839
90101,1242,3153,574,0.545334
90201,1251,3185,572,0.56037
90301,1257,3252,572,0.547362
90401,1263,3272,562,0.550407
90501,1264,3375,586,0.562848
90601,1261,3269,602,0.565197
90701,1246,3391,597,0.551217
90801,1216,3219,593,0.560314
90901,1291,3244,585,0.572528
91001,1265,3295,608,0.544423
91101,1253,3268,607,0.552272
91201,1241,3418,596,0.561884
91301,1267,3232,599,0.591319
91401,1307,3330,601,0.579392
91501,1269,3389,601,0.552306
91601,1299,3396,604,0.559959
91701,1242,3361,597,0.57599
91801,1279,3333,610,0.556862
91901,1301,3358,594,0.547538
92001,1257,3338,619,0.558535
92101,1290,3305,617,0.566415
92201,1221,3308,594,0.557087
92301,1303,3403,618,0.57025
92401,1302,3421,627,0.545655
92501,1280,3391,614,0.560341
92601,1223,3272,612,0.554753
92701,1296,3309,614,0.575001
92801,1310,3353,620,0.554439
92901,1327,3400,627,0.557848
93001,1313,3339,610,0.562873
93101,1315,3357,604,0.548612
93201,1341,3366,617,0.567881
93301,1277,3302,609,0.573953
93401,1292,3385,607,0.574512
93501,1283,3465,614,0.545089
93601,1325,3380,625,0.542918
93701,1299,3384,612,0.572773
93801,1291,3385,622,0.562662
93901,1291,3347,617,0.542322
94001,1331,3405,629,0.538925
94101,1287,3335,631,0.560634
94201,1331,3471,627,0.546167
94301,1325,3287,633,0.543859
94401,1298,3459,621,0.523315
94501,1321,3396,630,0.571509
94601,1316,3457,651,0.544004
94701,1339,3522,640,0.560246
94801,1379,3446,645,0.552791
94901,1320,3463,638,0.558254
95001,1276,3388,635,0.553078
95101,1313,3454,632,0.550774
95201,1325,3443,632,0.579122
95301,1293,3412,640,0.56848
95401,1341,3525,651,0.558659
95501,1283,3419,648,0.577194
95601,1365,3559,649,0.559137
95701,1362,3571,654,0.547186
95801,1347,3632,655,0.53112
95901,1316,3520,641,0.554386
96001,1292,3427,634,0.581132
96101,1313,3475,650,0.550497
96201,1329,3462,640,0.559449
96301,1366,3510,662,0.559435
96401,1328,3533,640,0.582754
96501,1379,3526,654,0.55701
96601,1326,3419,654,0.560731
96701,1348,3485,647,0.544988
96801,1340,3453,661,0.552158
96901,1327,3556,668,0.547715
97001,1339,3566,650,0.549583
97101,1350,3473,660,0.551074
97201,1357,3517,672,0.569863
97301,1345,3496,663,0.569886
97401,1348,3572,665,0.537255
97501,1404,3530,648,0.551611
97601,1355,3643,666,0.547206
97701,1359,3519,664,0.546656
97801,1344,3608,672,0.546044
97901,1368,3557,666,0.557328
98001,1395,3591,673,0.563927
98101,1363,3511,680,0.560484
98201,1383,3465,689,0.565336
98301,1378,3656,694,0.540398
98401,1427,3536,688,0.561845
98501,1414,3665,683,0.567859
98601,1399,3570,694,0.567001
98701,1395,3604,685,0.555713
98801,1414,3599,678,0.566014
98901,1399,3656,697,0.562132
99001,1475,3771,685,0.56318
99101,1359,3525,701,0.578076
99201,1411,3617,691,0.564796
99301,1439,3697,706,0.576659
99401,1445,3632,702,0.580703
99501,1447,3811,691,0.545406
99601,1440,3736,696,0.543916
99701,1459,3716,690,0.555765
99801,1454,3788,693,0.564534
99901,1432,3668,706,0.562732
100001,1451,3769,697,0.535561
100101,1410,3741,702,0.549812
100201,1475,3655,706,0.560287
100301,1455,3655,699,0.542997
100401,1430,3692,706,0.556277
100501,1458,3833,719,0.548696
100601,1475,3776,704,0.550609
100701,1438,3720,711,0.540563
100801,1462,3710,703,0.554675
100901,1467,3805,721,0.552506
101001,1455,3758,694,0.566043
101101,1450,3723,711,0.567521
101201,1460,3637,719,0.576455
101301,1423,3700,701,0.574741
101401,1493,3878,699,0.551508
101501,1465,3803,705,0.549355
101601,1548,3756,709,0.559321
101701,1516,3849,719,0.552387
101801,1513,3806,714,0.562268
101901,1461,3849,721,0.56511
102001,1482,3784,719,0.570959
102101,1475,3902,724,0.551731
102201,1560,3993,729,0.555327
102301,1451,3829,723,0.566695
102401,1478,3925,726,0.570118
102501,1541,3802,745,0.572803
102601,1509,3956,752,0.560247
102701,1532,4015,754,0.539926
102801,1500,4012,770,0.581101
102901,1560,3750,746,0.579028
103001,1572,3873,757,0.551218
103101,1567,3900,759,0.558317
103201,1476,3961,754,0.555515
103301,1512,3947,740,0.552054
103401,1582,4014,750,0.560644
103501,1518,3970,727,0.555392
103601,1496,3995,748,0.553583
103701,1519,4009,754,0.559921
103801,1487,4068,756,0.554838
103901,1574,3975,747,0.560624
104001,1546,3851,758,0.559032
104101,1553,4012,766,0.552758
104201,1470,3933,750,0.555697
104301,1497,4000,763,0.549865
104401,1536,3934,778,0.537188
104501,1511,3959,768,0.5576
104601,1504,3938,764,0.549818
104701,1547,4055,763,0.544725
104801,1525,3883,755,0.547803
104901,1560,3962,750,0.542986
105001,1541,4019,748,0.552796
105101,1562,4005,761,0.557595
105201,1568,4073,766,0.568643
105301,1511,3958,757,0.554544
105401,1561,4027,765,0.556739
105501,1501,3903,762,0.557643
105601,1533,3933,768,0.566663
105701,1544,3957,762,0.560937
105801,1520,3871,747,0.557651
105901,1604,4075,775,0.539431
106001,1570,4039,765,0.58255
106101,1617,4135,773,0.549084
106201,1575,4142,791,0.573453
106301,1577,4175,772,0.552187
106401,1602,4185,759,0.546128
106501,1548,4145,765,0.555368
106601,1584,4020,782,0.554306
106701,1570,4090,766,0.548116
106801,1626,4155,760,0.548609
106901,1584,4094,763,0.558716
107001,1617,4096,768,0.552962
107101,1564,4051,760,0.550518
107201,1604,4001,763,0.563909
107301,1639,4188,765,0.574142
107401,1631,4135,757,0.550914
107501,1607,4014,767,0.560299
107601,1589,4179,786,0.559731
107701,1608,4122,783,0.554215
107801,1648,4152,773,0.553903
107901,1588,4181,789,0.577338
108001,1653,4144,789,0.542792
108101,1626,4147,770,0.54656
108201,1620,4142,772,0.553862
108301,1615,4216,767,0.55795
108401,1620,4224,785,0.560373
108501,1648,4281,787,0.560184
108601,1559,4157,787,0.562813
108701,1621,4213,773,0.552344
108801,1672,4163,782,0.540762
108901,1601,4072,772,0.554053
109001,1640,4243,754,0.550303
109101,1617,4089,777,0.561577
109201,1674,4308,788,0.56244
109301,1604,4131,780,0.5554
109401,1657,4126,780,0.570468
109501,1643,4120,788,0.565797
109601,1694,4122,780,0.562634
109701,1605,4160,771,0.559457
109801,1646,4176,774,0.568821
109901,1642,4093,790,0.563602
110001,1638,4192,795,0.549149
110101,1591,4186,784,0.545131
110201,1635,4118,796,0.558791
110301,1599,4199,802,0.566032
110401,1592,4155,804,0.562219
110501,1594,4157,783,0.571018
110601,1613,4203,781,0.569046
110701,1657,4237,788,0.568587
110801,1653,4215,792,0.575704
110901,1611,4270,795,0.56489
111001,1621,4400,789,0.550109
111101,1682,4235,800,0.566367
111201,1640,4248,805,0.575529
111301,1623,4178,794,0.569971
111401,1659,4269,803,0.553685
111501,1672,4238,800,0.544449
111601,1687,4169,791,0.545584
111701,1627,4316,792,0.545116
111801,1678,4208,787,0.562647
111901,1608,4218,797,0.549246
112001,1694,4247,798,0.545962
112101,1661,4212,804,0.563582
112201,1678,4327,783,0.58159
112301,1642,4323,788,0.547622
112401,1633,4218,789,0.561332
112501,1685,4387,801,0.556442
112601,1694,4393,807,0.550941
112701,1687,4224,816,0.549374
112801,1631,4229,829,0.572072
112901,1710,4323,812,0.548633
113001,1669,4374,807,0.552222
113101,1723,4332,822,0.553595
113201,1680,4338,809,0.563149
113301,1674,4272,828,0.553879
113401,1686,4364,831,0.557509
113501,1702,4466,823,0.540017
113601,1696,4337,834,0.561311
113701,1702,4314,817,0.572591
113801,1703,4480,833,0.554007
113901,1692,4399,830,0.549773
114001,1750,4411,826,0.548421
114101,1719,4529,836,0.543812
114201,1712,4312,819,0.583209
114301,1653,4413,821,0.568916
114401,1687,4383,826,0.543615
114501,1692,4471,829,0.534047
114601,1748,4456,848,0.549666
114701,1730,4417,846,0.569522
114801,1686,4360,842,0.566786
114901,1763,4439,849,0.54528
115001,1724,4574,845,0.567969
115101,1760,4550,847,0.554603
115201,1778,4587,842,0.543555
115301,1763,4463,864,0.564806
115401,1755,4450,859,0.550004
115501,1805,4651,860,0.55322
115601,1767,4594,866,0.551365
115701,1739,4452,861,0.550551
115801,1750,4528,879,0.556734
115901,1755,4620,873,0.563333
116001,1792,4779,884,0.535247
116101,1768,4528,879,0.557003
116201,1746,4490,860,0.56694
116301,1816,4574,878,0.540276
116401,1803,4641,867,0.553878
116501,1775,4477,867,0.555721
116601,1776,4540,876,0.56687
116701,1812,4526,881,0.569486
116801,1772,4547,879,0.555703
116901,1799,4581,884,0.55942
117001,1858,4651,874,0.537267
117101,1768,4447,872,0.562712
117201,1797,4522,891,0.550207
117301,1852,4688,877,0.555454
117401,1800,4602,884,0.566632
117501,1872,4631,879,0.570526
117601,1844,4647,882,0.537914
117701,1791,4583,895,0.554735
117801,1747,4609,892,0.553523
117901,1832,4629,915,0.562035
118001,1834,4690,901,0.551393
118101,1872,4758,907,0.561124
118201,1853,4652,897,0.567768
118301,1905,4766,892,0.549175
118401,1880,4802,906,0.552453
118501,1856,4766,892,0.555797
118601,1883,4891,904,0.559541
118701,1834,4615,917,0.55548
118801,1900,4829,915,0.553277
118901,1973,4768,929,0.570412
119001,1913,4792,916,0.561021
119101,1917,4698,913,0.563975
119201,1890,4899,953,0.564021
119301,1934,4749,918,0.557287
119401,1914,4862,914,0.569412
119501,1920,4861,912,0.560868
119601,1913,4991,920,0.54382
119701,1938,4856,926,0.560172
119801,1956,4906,911,0.572282
119901,1924,4896,906,0.568374
120001,1905,4762,913,0.562756
120101,1949,4908,925,0.572406
120201,1907,4790,929,0.557197
120301,1946,4937,941,0.57191
120401,1989,4972,925,0.570567
120501,1931,4994,918,0.550831
120601,1964,4919,953,0.561727
120701,1955,4842,926,0.566756
120801,1994,4994,932,0.557043
120901,1969,4984,939,0.566046
121001,1946,5003,934,0.555381
121101,2001,4957,936,0.55774
121201,1965,5061,925,0.557602
121301,2002,5239,936,0.563324
121401,1982,5170,920,0.550009
121501,1975,5081,927,0.555159
121601,2017,4962,939,0.562047
121701,2057,5092,917,0.566733
121801,2017,5255,938,0.546341
121901,2024,5159,948,0.531182
122001,2036,5028,938,0.551032
122101,2040,5160,937,0.551178
122201,1967,4936,933,0.567675
122301,2002,5038,923,0.555682
122401,1998,5033,940,0.580064
122501,2086,5026,947,0.549322
122601,2071,5051,947,0.556928
122701,1997,5041,934,0.551938
122801,2081,5049,956,0.562614
122901,2076,5202,955,0.560659
123001,2047,5118,965,0.566432
123101,2092,5063,958,0.543907
123201,1985,5119,970,0.560892
123301,2093,5174,948,0.559894
123401,2103,5263,956,0.570525
123501,2047,5235,948,0.543054
123601,2029,5282,958,0.575948
123701,2068,5159,958,0.544851
123801,2035,5153,958,0.550827
123901,2086,5338,979,0.55598
124001,2138,5286,984,0.575118
124101,2069,5301,985,0.5635
124201,2085,5277,994,0.552541
124301,2053,5321,985,0.560018
124401,2128,5363,973,0.566994
124501,2109,5282,973,0.566311
124601,2119,5346,991,0.562799
124701,2050,5206,968,0.544933
124801,2136,5367,994,0.533397
124901,2137,5232,977,0.568466
125001,2115,5483,970,0.563487
125101,2102,5396,985,0.564376
125201,2141,5349,984,0.558946
125301,2141,5436,975,0.553481
125401,2182,5527,970,0.552032
125501,2071,5386,994,0.559223
125601,2164,5420,987,0.561371
125701,2178,5499,984,0.571536
125801,2211,5584,977,0.536207
125901,2170,5464,1007,0.544471
126001,2134,5457,995,0.553925
126101,2183,5374,1004,0.559537
126201,2190,5495,997,0.551122
126301,2188,5429,1017,0.544046
126401,2210,5504,1026,0.561241
126501,2212,5613,1006,0.561154
126601,2216,5467,1009,0.559258
126701,2240,5506,1020,0.55489
126801,2232,5624,1015,0.557107
126901,2183,5574,1033,0.550898
127001,2204,5476,1047,0.565069
127101,2238,5481,1028,0.56544
127201,2195,5522,1024,0.568541
127301,2245,5544,1027,0.554569
127401,2279,5652,1026,0.56674
127501,2268,5482,1047,0.557949
127601,2241,5679,1035,0.560559
127701,2229,5625,1023,0.567973
127801,2219,5625,1028,0.544249
127901,2209,5494,1031,0.566838
128001,2234,5792,1036,0.544586
128101,2282,5717,1035,0.553785
128201,2214,5611,1026,0.55115
128301,2258,5763,1045,0.548705
128401,2237,5716,1037,0.546685
128501,2262,5661,1027,0.561297
128601,2260,5704,1037,0.562975
128701,2270,5658,1023,0.564295
128801,2320,5741,1038,0.557957
128901,2249,5646,1042,0.569987
129001,2252,5786,1027,0.559578
129101,2299,5710,1027,0.559542
129201,2270,5835,1029,0.537248
129301,2289,5735,1044,0.556835
129401,2237,5735,1050,0.54668
129501,2328,5780,1066,0.568636
129601,2253,5752,1065,0.551041
129701,2319,5754,1047,0.539795
129801,2315,5735,1059,0.550084
129901,2341,5768,1069,0.564514
130001,2313,5712,1073,0.555904
130101,2356,5870,1096,0.555421
130201,2324,5987,1078,0.547152
130301,2359,5862,1092,0.549861
130401,2351,5731,1079,0.553628
130501,2304,5796,1076,0.56003
130601,2378,5937,1088,0.557562
130701,2321,5922,1069,0.546214
130801,2352,5811,1074,0.553918
130901,2355,5967,1059,0.543715
131001,2377,5936,1057,0.559007
131101,2339,5831,1057,0.548639
131201,2358,5782,1065,0.559843
131301,2360,5843,1064,0.571215
131401,2375,5869,1064,0.55932
131501,2428,6108,1074,0.54626
131601,2322,5969,1085,0.550479
131701,2426,6044,1082,0.570985
131801,2317,5921,1104,0.570102
131901,2355,5799,1087,0.558512
132001,2380,5854,1080,0.568186
132101,2432,5967,1070,0.553994
132201,2396,5951,1093,0.554212
132301,2417,6114,1097,0.548103
132401,2413,6150,1101,0.569337
132501,2403,6152,1088,0.560861
132601,2495,5932,1064,0.555792
132701,2462,6025,1088,0.557736
132801,2382,6012,1111,0.550598
132901,2453,6200,1102,0.553809
133001,2382,6061,1100,0.548011
133101,2456,6124,1087,0.56172
133201,2409,6082,1089,0.565352
133301,2452,6074,1101,0.555279
133401,2411,6135,1110,0.545942
133501,2406,5996,1118,0.567881
133601,2524,6185,1111,0.556169
133701,2488,6269,1110,0.550874
133801,2437,6156,1095,0.555564
133901,2448,6250,1119,0.557612
134001,2509,6293,1128,0.574024
134101,2434,6201,1134,0.544591
134201,2536,6316,1136,0.540732
134301,2523,6177,1135,0.564475
134401,2557,6516,1148,0.56137
134501,2458,6254,1143,0.55568
134601,2508,6432,1146,0.56335
134701,2542,6394,1165,0.571176
134801,2529,6438,1151,0.565507
134901,2500,6472,1125,0.567741
135001,2539,6500,1155,0.547181
135101,2594,6314,1145,0.566461
135201,2561,6464,1145,0.563532
135301,2569,6479,1152,0.547516
135401,2584,6357,1156,0.568355
135501,2573,6503,1161,0.556709
135601,2592,6605,1143,0.542092
135701,2612,6544,1179,0.571683
135801,2520,6546,1141,0.559949
135901,2577,6519,1164,0.542387
136001,2573,6540,1177,0.556279
136101,2618,6513,1179,0.549645
136201,2617,6540,1170,0.554596
136301,2642,6465,1179,0.553613
136401,2717,6685,1178,0.55445
136501,2698,6685,1174,0.559249
136601,2693,6684,1170,0.561413
136701,2617,6541,1161,0.551352
136801,2704,6649,1168,0.57132
136901,2644,6606,1160,0.560419
137001,2660,6594,1186,0.559167
137101,2814,6721,1195,0.565396
137201,2699,6847,1169,0.554817
137301,2718,6761,1200,0.557977
137401,2738,6694,1193,0.567714
137501,2801,6863,1200,0.549271
137601,2667,6717,1188,0.555083
137701,2674,6699,1216,0.552449
137801,2836,6767,1212,0.566071
137901,2776,6920,1200,0.555397
138001,2726,6816,1208,0.541736
138101,2770,6775,1205,0.556868
138201,2765,6869,1223,0.549229
138301,2808,6992,1229,0.548248
138401,2750,6796,1205,0.554478
138501,2798,7151,1213,0.535472
138601,2832,6823,1252,0.56151
138701,2820,6967,1227,0.55114
138801,2722,6937,1270,0.572547
138901,2777,6910,1231,0.552802
139001,2872,6971,1241,0.559184
139101,2852,6933,1250,0.561763
139201,2848,7110,1237,0.560979
139301,2815,6987,1244,0.567035
139401,2865,6998,1261,0.575097
139501,2841,7159,1256,0.566864
139601,2853,7113,1271,0.558648
139701,2850,7125,1285,0.56235
139801,2793,7184,1259,0.550537
139901,2883,7200,1271,0.546492
140001,2953,7160,1250,0.551863
140101,2904,7240,1286,0.561816
140201,2926,7135,1255,0.566578
140301,2909,7160,1261,0.55208
140401,2937,7124,1261,0.54695
140501,2876,7317,1290,0.561363
140601,2923,7221,1267,0.550238
140701,2932,7361,1266,0.558
140801,3005,7421,1286,0.56232
140901,3019,7433,1292,0.553896
141001,3015,7434,1278,0.564235
141101,3026,7469,1307,0.556232
141201,2948,7339,1275,0.547365
141301,3041,7457,1299,0.547559
141401,3007,7467,1272,0.549763
141501,3015,7530,1282,0.544154
141601,3027,7513,1281,0.557302
141701,3019,7468,1290,0.556809
141801,3025,7448,1314,0.561612
141901,3099,7610,1315,0.568391
142001,2998,7644,1307,0.562723
142101,2999,7538,1304,0.55603
142201,3117,7554,1319,0.55076
142301,3144,7667,1329,0.556428
142401,3067,7496,1339,0.556289
142501,3050,7508,1330,0.556845
142601,3043,7575,1328,0.540711
142701,3158,7526,1327,0.556982
142801,3117,7838,1336,0.559024
142901,3204,7672,1352,0.557544
143001,3211,7816,1333,0.556892
143101,3228,7921,1334,0.558823
143201,3138,7763,1341,0.564662
143301,3129,7845,1323,0.554576
143401,3179,7930,1331,0.553655
143501,3268,7889,1339,0.561063
143601,3214,7886,1342,0.558615
143701,3305,8064,1335,0.559388
143801,3283,7837,1346,0.573182
143901,3251,7881,1344,0.558034
144001,3232,8150,1345,0.572143
144101,3192,8075,1349,0.559578
144201,3269,8045,1368,0.555423
144301,3262,8001,1371,0.55603
144401,3235,8045,1352,0.558192
144501,3306,8123,1360,0.55299
144601,3341,8261,1361,0.561871
144701,3400,8213,1382,0.554366
144801,3286,7952,1359,0.5652
144901,3371,8293,1354,0.55685
145001,3446,8160,1369,0.562387
145101,3363,8259,1373,0.555601
145201,3408,8171,1362,0.562256
145301,3414,8325,1371,0.561985
145401,3367,8387,1385,0.560428
145501,3475,8427,1378,0.569037
145601,3433,8311,1379,0.566105
145701,3493,8460,1398,0.560086
145801,3482,8432,1399,0.55319
145901,3483,8539,1396,0.560325
146001,3489,8490,1390,0.566742
146101,3584,8450,1403,0.566639
146201,3530,8582,1408,0.574836
146301,3522,8629,1398,0.55735
146401,3517,8565,1405,0.551214
146501,3528,8689,1412,0.550465
146601,3560,8564,1407,0.567213
146701,3572,8728,1413,0.552041
146801,3586,8800,1401,0.551738
146901,3638,8732,1416,0.549812
147001,3652,8879,1430,0.560977
147101,3579,8887,1421,0.554812
147201,3700,8875,1417,0.567861
147301,3671,8823,1430,0.551881
147401,3663,8903,1439,0.548305
147501,3618,9038,1470,0.553214
147601,3705,8905,1482,0.552915
147701,3685,8917,1443,0.544114
147801,3668,9075,1450,0.553211
147901,3732,8899,1485,0.554016
148001,3766,8938,1500,0.574489
148101,3784,8890,1499,0.572464
148201,3783,9232,1469,0.553684
148301,3768,8985,1460,0.559881
148401,3796,9197,1496,0.547202
148501,3758,9025,1466,0.550056
148601,3934,9256,1480,0.565087
148701,3827,9226,1515,0.549072
148801,3852,9197,1491,0.561185
148901,3824,9188,1462,0.54186
149001,3892,9363,1476,0.553011
149101,3866,9160,1495,0.552038
149201,3844,9302,1521,0.558728
149301,3973,9379,1540,0.553051
149401,3846,9314,1523,0.549808
149501,3963,9582,1502,0.563554
149601,3910,9384,1511,0.562436
149701,4052,9558,1502,0.573651
149801,4060,9793,1530,0.55989
149901,3965,9626,1516,0.550725
150001,4066,9642,1537,0.565201
150101,4031,9574,1527,0.556047
150201,4040,9811,1556,0.548467
150301,4059,9621,1532,0.559208
150401,4003,9944,1536,0.553662
150501,4086,9747,1563,0.566412
150601,4096,9930,1547,0.564563
150701,4144,9804,1571,0.563739
150801,4119,9898,1558,0.551126
150901,4230,10265,1573,0.549985
151001,4104,9847,1551,0.569464
151101,4106,9987,1548,0.566382
151201,4133,10069,1555,0.554324
151301,4181,10156,1556,0.554911
151401,4268,10176,1596,0.562425
151501,4324,10311,1586,0.557674
151601,4243,10343,1555,0.551312
151701,4286,10330,1594,0.559417
151801,4313,10329,1601,0.554425
151901,4293,10276,1588,0.548053
152001,4400,10567,1607,0.554617
152101,4424,10361,1614,0.556419
152201,4334,10511,1612,0.558514
152301,4330,10414,1601,0.55939
152401,4366,10581,1609,0.554601
152501,4365,10634,1630,0.549956
152601,4439,10793,1616,0.558581
152701,4367,10696,1629,0.549516
152801,4390,10553,1613,0.553162
152901,4453,10690,1644,0.555461
153001,4503,10703,1642,0.552751
153101,4422,10845,1656,0.554543
153201,4516,11016,1669,0.561191
153301,4624,10789,1669,0.554735
153401,4541,11154,1664,0.565752
153501,4730,11023,1718,0.5572
153601,4702,11056,1692,0.558728
153701,4618,11186,1658,0.555938
153801,4753,11204,1678,0.558793
153901,4717,11368,1686,0.555739
154001,4877,11356,1708,0.557313
154101,4792,11427,1708,0.548777
154201,4860,11280,1701,0.563257
154301,4768,11407,1708,0.555358
154401,4834,11444,1694,0.558041
154501,4899,11618,1722,0.557883
154601,4846,11506,1720,0.561334
154701,4887,11732,1719,0.550456
154801,4839,11755,1724,0.553834
154901,4943,11878,1732,0.552589
155001,5025,12010,1741,0.558627
155101,4926,11718,1699,0.549158
155201,5009,12051,1727,0.549608
155301,4978,11828,1727,0.561952
155401,5037,12148,1765,0.549406
155501,5035,11916,1742,0.570487
155601,5109,12137,1758,0.564846
155701,5038,12223,1785,0.5469
155801,5149,12205,1769,0.544818
155901,5092,12261,1785,0.547826
156001,5216,12478,1790,0.559776
156101,5210,12270,1791,0.552391
156201,5323,12288,1784,0.555136
156301,5207,12403,1806,0.553723
156401,5313,12449,1788,0.562923
156501,5279,12689,1807,0.54798
156601,5391,12870,1801,0.549955
156701,5257,12525,1797,0.558897
156801,5422,13015,1811,0.561896
156901,5470,12801,1821,0.561185
157001,5359,12682,1819,0.556128
157101,5500,13054,1830,0.548942
157201,5438,12837,1825,0.564338
157301,5502,13133,1820,0.559232
157401,5619,13310,1849,0.559285
157501,5645,13330,1845,0.556115
157601,5620,13387,1875,0.548413
157701,5630,13286,1879,0.55972
157801,5563,13284,1858,0.561518
157901,5771,13307,1882,0.563505
158001,5821,13659,1861,0.551355
158101,5814,13703,1844,0.555176
158201,5745,13558,1903,0.564603
158301,5851,13673,1881,0.556915
158401,5939,13947,1882,0.553898
158501,5879,13911,1914,0.557972
158601,5907,13636,1897,0.563807
158701,5824,14143,1886,0.550493
158801,5906,14023,1893,0.561431
158901,6028,14236,1913,0.554925
159001,6002,14381,1916,0.547233
159101,6126,14246,1912,0.555289
159201,6088,14442,1905,0.563233
159301,6120,14434,1958,0.559241
159401,6216,14694,1946,0.55767
159501,6189,14574,1968,0.553926
159601,6265,14688,1990,0.562827
159701,6211,14668,1968,0.560796
159801,6328,14685,1972,0.569737
159901,6374,15186,1985,0.552103
160001,6231,15043,2005,0.556426
160101,6336,15098,2015,0.546816
160201,6429,15195,1989,0.558969
160301,6498,15139,1995,0.557854
160401,6613,15607,2000,0.552138
160501,6705,15490,1995,0.563285
160601,6561,15353,1985,0.564877
160701,6713,15907,2045,0.564166
160801,6730,15816,2029,0.560306
160901,6810,15809,2072,0.55215
161001,7011,16195,2081,0.563424
161101,6988,16097,2068,0.560683
161201,7021,16158,2098,0.561856
161301,6949,16262,2084,0.566409
161401,7070,16685,2072,0.559366
161501,7066,16580,2125,0.546107
161601,7033,16487,2125,0.557569
161701,7217,16777,2105,0.553262
161801,7229,16945,2124,0.561032
161901,7318,16867,2129,0.559198
162001,7330,17207,2166,0.555925
162101,7340,16758,2149,0.560505
162201,7506,17493,2176,0.555807
162301,7489,17256,2167,0.553913
162401,7653,17715,2161,0.552213
162501,7545,17728,2166,0.551421
162601,7677,17791,2235,0.556786
162701,7616,18024,2240,0.555365
162801,7871,17949,2239,0.563477
162901,7850,18283,2221,0.554712
163001,8046,18380,2255,0.55018
163101,7981,18494,2250,0.557198
163201,8023,18478,2300,0.549185
163301,8165,18750,2283,0.554421
163401,8176,18846,2292,0.554325
163501,8230,19264,2335,0.559407
163601,8287,19096,2325,0.554592
163701,8361,19228,2336,0.554179
163801,8489,19598,2371,0.549946
163901,8438,19400,2363,0.565282
164001,8537,19896,2392,0.560166
164101,8681,19952,2411,0.557259
164201,8753,20453,2358,0.555907
164301,8881,20319,2402,0.553006
164401,8808,20480,2435,0.550919
164501,9115,21010,2412,0.553387
164601,8998,20663,2436,0.557051
164701,8942,20552,2422,0.557531
164801,9091,20822,2443,0.558166
164901,9105,21128,2464,0.552346
165001,9350,21322,2449,0.564442
165101,9375,21486,2445,0.560823
165201,9404,21482,2467,0.556387
165301,9480,21816,2468,0.556046
165401,9600,22109,2490,0.55622
165501,9724,22052,2550,0.551951
165601,9805,22622,2544,0.553985
165701,9897,22670,2542,0.555617
165801,9929,22972,2581,0.556966
165901,10025,23153,2603,0.550499
166001,10188,23345,2639,0.559178
166101,10168,23751,2672,0.551579
166201,10568,23685,2671,0.552863
166301,10545,24362,2675,0.555259
166401,10558,24402,2711,0.550611
166501,10603,24216,2708,0.561986
166601,10805,24494,2733,0.557613
166701,10845,24776,2692,0.55304
166801,10874,25168,2696,0.551813
166901,11060,25465,2754,0.559922
167001,11192,25398,2756,0.550454
167101,11297,25786,2767,0.565869
167201,11323,25780,2750,0.557675
167301,11428,26079,2788,0.554477
167401,11596,26226,2819,0.551057
167501,11685,26618,2855,0.561941
167601,11733,26766,2840,0.560757
167701,11908,27178,2876,0.558767
167801,12025,27514,2834,0.559451
167901,12153,27563,2877,0.556262
168001,12129,28079,2872,0.551873
168101,12181,28362,2890,0.556562
168201,12341,28056,2911,0.557055
168301,12411,28672,2924,0.558995
168401,12501,28787,2932,0.56254
168501,12517,28742,2958,0.551922
168601,12756,29278,2977,0.556395
168701,12976,29395,3023,0.561937
168801,12998,29649,3018,0.556584
168901,13141,29811,3036,0.556057
169001,13335,30637,3056,0.556331
169101,13636,30542,3062,0.552119
169201,13769,30959,3035,0.557496
169301,13778,31242,3134,0.560559
169401,13860,31697,3118,0.557676
169501,13888,32278,3139,0.552216
169601,14178,31980,3135,0.55764
169701,14224,32489,3160,0.552646
169801,14325,32812,3173,0.55515
169901,14705,33025,3154,0.555895
170001,14796,33883,3181,0.554268
170101,14879,34052,3184,0.555654
170201,15110,34417,3228,0.553176
170301,15265,34403,3275,0.560902
170401,15172,34740,3267,0.558025
170501,15521,35143,3275,0.554884
170601,15607,35618,3313,0.557749
170701,15960,36523,3365,0.554438
170801,16229,36846,3363,0.551441
170901,16484,36889,3370,0.560077
171001,16654,37820,3464,0.557896
171101,16571,37759,3443,0.553805
171201,16820,38442,3485,0.553668
171301,17107,38439,3531,0.560065
171401,17196,38887,3517,0.558065
171501,17523,39760,3550,0.55601
171601,17640,39966,3579,0.554624
171701,17857,40682,3587,0.555143
171801,18027,40969,3606,0.55559
171901,18409,41715,3703,0.554669
172001,18677,41958,3683,0.554783
172101,18884,42474,3753,0.555007
172201,19086,42765,3756,0.557045
172301,19383,43831,3825,0.55837
172401,19591,44261,3861,0.55247
172501,20105,44929,3919,0.558632
172601,20233,45612,3913,0.555898
172701,20394,45804,3933,0.561135
172801,20989,47067,3942,0.550372
172901,21143,47347,4019,0.555382
173001,21630,48453,4054,0.551795
173101,21642,48584,4078,0.558122
173201,22012,49259,4131,0.558944
173301,22521,50427,4159,0.56094
173401,22681,51349,4130,0.554822
173501,23011,51890,4259,0.556603
173601,23335,52308,4197,0.55578
173701,24054,53704,4230,0.560393
173801,24459,54392,4308,0.554974
173901,24517,54876,4348,0.560213
174001,24963,56007,4382,0.557365
174101,25404,56833,4408,0.558257
174201,26037,57905,4439,0.556551
174301,26061,58157,4513,0.557803
174401,26513,59549,4507,0.55609
174501,27017,60361,4586,0.557391
174601,27826,61518,4626,0.560015
174701,27804,62562,4737,0.558658
174801,28177,63361,4730,0.555369
174901,28593,64101,4793,0.557839
175001,29242,65704,4778,0.553676
175101,29610,66484,4924,0.55404
175201,30047,67685,4978,0.558544
175301,30514,68726,5033,0.554635
175401,31139,69613,5115,0.56206
175501,31682,70472,5145,0.55765
175601,32032,71293,5113,0.554163
175701,32291,73026,5249,0.555979
175801,33092,74068,5259,0.556265
175901,33340,74214,5327,0.555655
176001,33735,75788,5352,0.558103
176101,34517,76831,5457,0.552345
176201,34891,78275,5536,0.555516
176301,35938,79781,5574,0.553675
176401,36449,80621,5611,0.557939
176501,37064,82274,5714,0.555311
176601,37722,83840,5794,0.557392
176701,38686,85558,5909,0.558764
