cycle,Population_size,Deleterious_muts,Beneficial_muts,Pct_del_destined_fix
1,2,0,0,0.0
2,8,594,0,6.25
3,32,2796,1,2.55555
4,128,11895,6,0.894283
5,512,48699,42,0.292858
6,2048,195717,180,0.0912185
7,3302,405654,374,0.0528894
8,3301,533426,528,0.0469363
9,3322,634109,609,0.0451631
10,3312,714345,701,0.0451328
11,3217,767979,759,0.0466185
12,3327,837214,815,0.0469916
13,3287,883859,928,0.0486023
14,3307,929235,979,0.0501153
15,3315,975008,999,0.0514432
16,3237,1004361,1061,0.0535088
17,3256,1039815,1109,0.0551341
18,3237,1067756,1136,0.0570588
19,3332,1110277,1159,0.0580816
20,3313,1139872,1201,0.0597211
21,3209,1152654,1175,0.0621841
22,3283,1189238,1221,0.0633468
23,3237,1206402,1277,0.0654392
24,3309,1239409,1271,0.0666372
25,3192,1245496,1270,0.069193
26,3234,1269717,1277,0.0707344
27,3267,1293629,1300,0.0722311
28,3201,1306072,1318,0.0743493
29,3215,1321214,1320,0.0762384
30,3138,1328190,1315,0.0785497
31,3218,1355315,1338,0.0796487
32,3272,1382557,1364,0.0806344
33,3150,1377667,1380,0.0835276
34,3224,1398751,1376,0.0847987
35,3148,1406389,1398,0.0869075
36,3230,1429536,1432,0.0880353
37,3200,1439046,1432,0.0899333
38,3232,1459853,1463,0.0911123
39,3210,1470382,1492,0.0929077
40,3258,1492760,1509,0.0938918
41,3209,1501623,1543,0.0957241
42,3204,1510861,1511,0.0974748
43,3301,1533830,1563,0.0983891
44,3145,1521441,1530,0.101588
45,3164,1531310,1602,0.103255
46,3253,1551279,1619,0.104209
47,3184,1555904,1585,0.106209
48,3190,1561717,1588,0.108184
49,3241,1582221,1597,0.109085
50,3230,1595152,1588,0.110454
51,3184,1599904,1576,0.112358
52,3237,1613944,1620,0.11357
53,3210,1616071,1626,0.115659
54,3170,1615226,1639,0.11791
55,3247,1636239,1616,0.118604
56,3246,1649331,1606,0.119875
57,3165,1647254,1604,0.122148
58,3252,1662320,1629,0.123156
59,3109,1648040,1587,0.126417
60,3167,1662470,1633,0.127518
61,3092,1658011,1625,0.130039
62,3116,1661121,1627,0.131904
63,3161,1676135,1636,0.132846
64,3153,1686572,1662,0.134143
65,3151,1694161,1683,0.135667
66,3174,1707220,1650,0.136755
67,3151,1708361,1656,0.13885
68,3155,1714827,1676,0.140357
69,3165,1723298,1696,0.141705
70,3116,1722431,1700,0.143864
71,3232,1744598,1740,0.144098
72,3201,1755516,1777,0.145269
73,3281,1776222,1821,0.145613
74,3187,1777449,1810,0.147552
75,3168,1772265,1792,0.150021
76,3071,1761643,1761,0.152932
77,3195,1785794,1793,0.152879
78,3161,1785281,1762,0.154949
79,3149,1783209,1786,0.1572
80,3061,1774399,1773,0.159985
81,3158,1787231,1768,0.16086
82,3166,1797694,1788,0.161939
83,3126,1801458,1791,0.163627
84,3148,1809114,1787,0.164877
85,3095,1807094,1819,0.167103
86,3208,1828158,1831,0.167173
87,3180,1837322,1852,0.168276
88,3146,1832155,1837,0.17069
89,3080,1828112,1793,0.172987
90,3131,1836459,1816,0.1741
91,3113,1838608,1839,0.175876
92,3190,1857924,1874,0.176032
93,3174,1863813,1872,0.177405
94,3093,1859652,1845,0.179783
95,3147,1871927,1863,0.180503
96,3183,1880074,1888,0.181593
97,3174,1888222,1913,0.182676
98,3116,1881949,1904,0.185169
99,3046,1874567,1913,0.187819
100,3118,1883398,1906,0.188832
101,3067,1882078,1907,0.190816
102,3194,1900947,1921,0.190844
103,3058,1887066,1871,0.194122
104,3073,1892154,1900,0.195549
105,3138,1898250,1937,0.196815
106,3076,1895449,1872,0.199006
107,3080,1898389,1852,0.200617
108,3130,1908090,1866,0.201464
109,3074,1909175,1833,0.203307
110,3102,1915998,1853,0.204404
111,3064,1916972,1874,0.206225
112,3112,1924946,1888,0.207203
113,3110,1935439,1898,0.207925
114,3049,1926425,1871,0.210766
115,3148,1942645,1889,0.21083
116,3068,1939689,1896,0.212995
117,3126,1948950,1878,0.213778
118,3126,1952598,1914,0.215216
119,3096,1954329,1917,0.21686
120,3163,1968025,1930,0.21726
121,2961,1941074,1927,0.222181
122,2997,1940333,1915,0.2242
123,3130,1963593,1927,0.223386
124,3001,1954596,1922,0.226252
125,3063,1964828,1914,0.226926
126,2956,1951938,1925,0.230318
127,3051,1966138,1913,0.230474
128,3035,1966386,1912,0.232199
129,3018,1965139,1903,0.234145
130,3055,1973035,1917,0.235104
131,3057,1976919,1932,0.236557
132,3089,1988608,1921,0.236983
133,3059,1990859,1944,0.238569
134,3007,1985798,1926,0.241014
135,3108,2001440,1934,0.240869
136,2991,1984486,1881,0.244716
137,3115,2004645,1909,0.243991
138,2945,1988123,1909,0.247857
139,3051,2000066,1909,0.248195
140,3061,2003040,1897,0.249467
141,3096,2016543,1892,0.249642
142,3070,2017534,1887,0.251308
143,3024,2015456,1907,0.253382
144,2973,2008088,1910,0.256221
145,3062,2019347,1891,0.256565
146,3027,2019548,1886,0.258239
147,3031,2024983,1912,0.259292
148,3107,2034731,1906,0.259824
149,3049,2033328,1937,0.261731
150,3080,2041834,1906,0.262364
151,3011,2035684,1927,0.264944
152,3081,2045786,1926,0.265456
153,3020,2044151,1928,0.267487
154,3063,2050597,1922,0.268393
155,3075,2056650,1960,0.269347
156,3058,2056869,1957,0.271099
157,2971,2044668,1931,0.274401
158,3008,2048206,1919,0.275748
159,3059,2058722,1942,0.275992
160,2932,2045488,1932,0.279581
161,2927,2034688,1905,0.282829
162,2962,2034634,1909,0.284601
163,2937,2037194,1925,0.285977
164,3014,2052775,1940,0.285575
165,2997,2056946,1960,0.286699
166,3097,2075414,1980,0.285838
167,2944,2054125,1973,0.290583
168,3036,2064180,1955,0.290974
169,2981,2061891,1977,0.293009
170,2999,2067536,1980,0.293859
171,2975,2065978,1974,0.295763
172,2981,2068490,2020,0.297169
173,2989,2071828,2008,0.298415
174,3022,2080709,2048,0.298926
175,2956,2076696,2001,0.301289
176,2927,2072777,1965,0.303538
177,2976,2071290,1998,0.305521
178,2986,2073275,2021,0.306914
179,2981,2077541,2059,0.307999
180,2972,2078864,2050,0.30953
181,3060,2095816,2073,0.308685
182,2920,2079952,2039,0.312771
183,2919,2076426,2034,0.315045
184,2944,2078745,2021,0.316493
185,2798,2055422,2006,0.321858
186,2935,2068848,1996,0.3216
187,2931,2075796,1998,0.322218
188,2918,2072500,2026,0.324512
189,2963,2082777,2037,0.324605
190,2941,2085530,1999,0.3259
191,2916,2086362,1983,0.327486
192,2873,2077608,1968,0.330582
193,2914,2080308,1986,0.331852
194,2821,2067923,1969,0.335545
195,2903,2080585,1971,0.335253
196,2949,2085139,1974,0.33626
197,2865,2075163,1971,0.339581
198,2875,2076498,1967,0.341107
199,2898,2080476,1953,0.342176
200,2958,2094776,1962,0.341521
201,2868,2083552,1942,0.345002
202,2983,2098522,1955,0.344226
203,2987,2107330,1944,0.344496
204,3011,2113737,1974,0.345064
205,2872,2094261,1961,0.350058
206,2860,2094267,1969,0.351764
207,2942,2103294,1968,0.351975
208,2922,2104230,1968,0.353426
209,2896,2101215,1999,0.355638
210,2825,2089693,1992,0.359284
211,2977,2111087,2022,0.3574
212,2831,2097871,2007,0.36139
213,2969,2115749,2031,0.359979
214,2934,2115773,2059,0.361647
215,2920,2115401,2053,0.363428
216,2900,2118281,2077,0.364575
217,2828,2106567,2054,0.368243
218,2908,2120247,2093,0.367645
219,2850,2110641,2080,0.371046
220,2870,2116497,2098,0.371702
221,2818,2111009,2082,0.374254
222,2939,2126062,2080,0.3733
223,3012,2146442,2107,0.371318
224,2841,2122879,2082,0.377162
225,2867,2124348,2042,0.378633
226,2967,2144426,2061,0.376752
227,2910,2142703,2109,0.378581
228,2900,2145235,2129,0.379842
229,2858,2134745,2114,0.383334
230,2816,2125286,2103,0.386723
231,2922,2139326,2143,0.385968
232,2942,2146777,2115,0.386318
233,2823,2130817,2116,0.390993
234,2876,2134581,2111,0.392051
235,2819,2124431,2128,0.395619
236,2903,2136329,2131,0.395131
237,2728,2110754,2124,0.401687
238,2808,2114893,2145,0.402529
239,2915,2135363,2169,0.400305
240,2910,2141540,2157,0.400776
241,2751,2121706,2154,0.406218
242,2815,2129039,2145,0.406617
243,2831,2133204,2144,0.407544
244,2847,2134828,2122,0.409008
245,2835,2133620,2151,0.410766
246,2796,2128344,2146,0.413528
247,2814,2127863,2155,0.415344
248,2843,2138026,2157,0.415203
249,2857,2138560,2147,0.416667
250,2861,2139500,2155,0.418115
251,2768,2127827,2162,0.4222
252,2813,2132129,2159,0.423027
253,2849,2138814,2189,0.423257
254,2868,2147512,2162,0.42318
255,2740,2128026,2125,0.428681
256,2804,2135156,2104,0.428947
257,2786,2131666,2115,0.431301
258,2858,2139052,2143,0.431402
259,2800,2134204,2129,0.434258
260,2809,2132547,2158,0.436259
261,2763,2127788,2160,0.438987
262,2757,2122291,2149,0.441857
263,2860,2143877,2177,0.439174
264,2867,2149484,2144,0.439655
265,2811,2148564,2144,0.441446
266,2766,2139630,2158,0.445024
267,2844,2148715,2170,0.444863
268,2771,2139512,2136,0.448436
269,2887,2158625,2148,0.446209
270,2732,2140743,2141,0.451619
271,2793,2145646,2170,0.452313
272,2823,2151470,2152,0.452755
273,2792,2146132,2174,0.455585
274,2830,2152690,2189,0.45592
275,2670,2130317,2135,0.462357
276,2759,2134684,2156,0.463034
277,2874,2155745,2194,0.460153
278,2760,2146989,2166,0.463651
279,2759,2141726,2156,0.466388
280,2775,2144974,2125,0.467471
281,2757,2144169,2169,0.469405
282,2812,2153868,2161,0.468953
283,2760,2145914,2192,0.472305
284,2817,2153572,2202,0.472283
285,2740,2143558,2202,0.476074
286,2770,2146549,2189,0.477139
287,2839,2164788,2166,0.47477
288,2855,2172512,2180,0.474724
289,2780,2165821,2208,0.477813
290,2718,2152092,2174,0.482503
291,2752,2153149,2180,0.483976
292,2756,2153274,2178,0.485628
293,2742,2156177,2183,0.486655
294,2752,2156376,2173,0.488211
295,2824,2169634,2164,0.486963
296,2759,2166651,2140,0.489214
297,2756,2163032,2137,0.49177
298,2753,2160930,2115,0.493925
299,2722,2156153,2144,0.49672
300,2658,2141855,2174,0.50173
