cycle,Population_size,Deleterious_muts,Beneficial_muts,Pct_del_destined_fix
1,2,0,0,0.0
2,8,593,2,6.25
3,32,2799,3,2.5422
4,128,12007,17,0.895864
5,512,48583,49,0.294756
6,2048,195216,199,0.0917184
7,3267,402254,417,0.0533976
8,3225,522275,524,0.0480608
9,3375,634675,626,0.045213
10,3247,702040,713,0.0460057
11,3230,762535,752,0.0470906
12,3249,820429,808,0.0481436
13,3237,868097,858,0.0496334
14,3236,912600,909,0.0511354
15,3344,967328,945,0.0519823
16,3172,987977,977,0.0545703
17,3329,1040267,1075,0.0552402
18,3166,1055391,1078,0.0578611
19,3252,1092261,1131,0.0592009
20,3267,1122175,1151,0.0607956
21,3230,1146601,1163,0.0626606
22,3325,1183585,1213,0.0636861
23,3271,1207690,1207,0.0653602
24,3262,1228845,1227,0.0672139
25,3227,1243919,1248,0.0692904
26,3253,1267792,1286,0.0708229
27,3279,1291657,1292,0.0723058
28,3305,1316937,1340,0.0736037
29,3254,1331347,1349,0.0754988
30,3229,1343557,1359,0.07748
31,3205,1353552,1363,0.0795761
32,3183,1364835,1377,0.0815598
33,3246,1387960,1385,0.082782
34,3253,1409172,1409,0.0840939
35,3180,1413527,1405,0.0863422
36,3174,1424262,1401,0.0881951
37,3221,1442229,1411,0.0896144
38,3197,1455101,1421,0.0913474
39,3263,1473893,1452,0.0926134
40,3169,1471009,1453,0.0952394
41,3174,1481748,1461,0.0969815
42,3216,1500586,1492,0.098129
43,3224,1513841,1512,0.0996383
44,3245,1528905,1516,0.101015
45,3267,1544733,1554,0.102306
46,3194,1546943,1534,0.104458
47,3251,1563760,1564,0.10561
48,3189,1567382,1563,0.107683
49,3252,1583232,1556,0.108881
50,3265,1597178,1636,0.110181
51,3187,1599735,1656,0.112246
52,3217,1610693,1634,0.113755
53,3213,1619811,1622,0.115344
54,3184,1624874,1620,0.117162
55,3265,1644278,1621,0.117965
56,3237,1655678,1641,0.119327
57,3251,1667316,1660,0.120642
58,3213,1666689,1688,0.122811
59,3137,1661924,1665,0.125337
60,3178,1672847,1688,0.126685
61,3141,1677305,1706,0.128447
62,3141,1682601,1715,0.130158
63,3198,1699035,1705,0.131036
64,3206,1710405,1767,0.132251
65,3183,1713511,1737,0.134158
66,3155,1715120,1710,0.136092
67,3142,1719077,1721,0.137913
68,3070,1710670,1702,0.140741
69,3151,1724191,1730,0.141675
70,3177,1734542,1712,0.142936
71,3128,1737564,1737,0.144761
72,3115,1739174,1726,0.146746
73,3215,1755129,1772,0.14746
74,3137,1757744,1782,0.149349
75,3263,1784890,1836,0.149097
76,3156,1783714,1853,0.15119
77,3166,1787612,1830,0.152848
78,3063,1773943,1838,0.156074
79,3230,1799259,1848,0.15586
80,3188,1805658,1830,0.157274
81,3107,1796596,1805,0.160063
82,3130,1803821,1786,0.161416
83,3113,1808298,1809,0.16298
84,3118,1811998,1851,0.164596
85,3077,1808768,1821,0.166926
86,3134,1819570,1865,0.167889
87,3059,1817318,1818,0.170023
88,3162,1837203,1846,0.170136
89,3120,1842428,1851,0.171541
90,3113,1845858,1868,0.173164
91,3121,1846431,1859,0.174989
92,3127,1849540,1867,0.176624
93,3083,1850994,1845,0.178461
94,3103,1857595,1866,0.179761
95,3133,1865608,1871,0.180949
96,3098,1866654,1857,0.18274
97,3033,1860948,1870,0.185196
98,3094,1865787,1907,0.186643
99,3122,1876205,1897,0.187536
100,3094,1879116,1911,0.189159
101,3174,1897403,1910,0.189246
102,3119,1902097,1890,0.190666
103,3093,1902468,1891,0.192467
104,3106,1908113,1923,0.193805
105,3094,1911822,1922,0.195303
106,3085,1915452,1968,0.196867
107,3109,1918588,1971,0.198436
108,3077,1916975,2001,0.20041
109,3102,1920883,1990,0.201864
110,3046,1916436,1977,0.204134
111,3093,1925685,1950,0.205011
112,3137,1936637,1943,0.205725
113,3070,1934017,1934,0.207815
114,3111,1937870,1904,0.209232
115,3067,1937325,1932,0.211164
116,3013,1932777,1913,0.213543
117,2981,1927473,1912,0.215991
118,3040,1938337,1929,0.216628
119,3164,1962791,1950,0.215747
120,3052,1955832,1956,0.218397
121,3120,1968110,1972,0.218842
122,3061,1963929,1957,0.221144
123,2966,1945808,1940,0.225077
124,3058,1960077,1928,0.225226
125,3009,1955136,1918,0.227606
126,2953,1949399,1946,0.23017
127,3101,1972163,1977,0.2293
128,3051,1970748,1967,0.231177
129,3048,1968628,1964,0.233253
130,3026,1966448,1940,0.235351
131,2971,1962014,1943,0.237694
132,3001,1966147,1931,0.239058
133,3056,1976945,1981,0.239558
134,2984,1968333,1973,0.242416
135,3092,1988419,1969,0.241668
136,3002,1982251,1975,0.244146
137,3051,1988588,1979,0.245192
138,3022,1990384,1997,0.246858
139,2985,1989499,1968,0.248822
140,3057,2004382,1941,0.248784
141,3089,2009480,1937,0.249951
142,3058,2010555,1976,0.251594
143,3033,2012027,1991,0.253151
144,2964,2000132,2000,0.256378
145,3014,2004359,2018,0.257608
146,2996,2003662,2045,0.25946
147,2940,1995808,2022,0.262287
148,3021,2005447,2023,0.262854
149,3015,2013562,2071,0.263534
150,2992,2016576,2120,0.264946
151,3078,2031315,2100,0.264736
152,3069,2034500,2121,0.266139
153,3015,2027674,2129,0.268777
154,3102,2043080,2138,0.268458
155,2919,2019888,2072,0.273324
156,2941,2016489,2072,0.275587
157,2976,2023497,2060,0.276397
158,3000,2029735,2070,0.277384
159,3011,2039512,2053,0.27793
160,3008,2043053,2055,0.279164
161,3014,2050598,2068,0.279995
162,2975,2043899,2039,0.282613
163,2898,2031634,2037,0.286091
164,3023,2045676,2054,0.285951
165,3022,2055451,2074,0.286308
166,2940,2045111,2064,0.289474
167,3059,2064423,2108,0.288444
168,2941,2051323,2072,0.292069
169,2979,2056056,2075,0.2931
170,2935,2052094,2065,0.295449
171,2987,2060920,2042,0.295899
172,2871,2042502,2038,0.300316
173,2992,2060120,2070,0.299444
174,2929,2054572,2085,0.301972
175,2928,2050881,2081,0.304202
176,2972,2060074,2079,0.304606
177,2923,2058869,2095,0.306512
178,2912,2055078,2061,0.30877
179,2995,2070082,2059,0.308229
180,2980,2071374,2058,0.30981
181,2897,2062829,2066,0.312878
182,2940,2065191,2067,0.314253
183,2982,2076030,2098,0.314352
184,3046,2091601,2073,0.313718
185,2984,2089047,2080,0.315811
186,2856,2071261,2070,0.320271
187,2932,2077406,2077,0.321018
188,2938,2082485,2022,0.3219
189,3007,2093597,2025,0.321954
190,2854,2072986,2027,0.326831
191,2920,2076343,2053,0.328092
192,2837,2066942,2077,0.331338
193,2903,2072295,2077,0.332201
194,2961,2085710,2084,0.33177
195,2916,2085522,2083,0.333548
196,2847,2072139,2067,0.337473
197,2906,2072917,2067,0.339034
198,2920,2078618,2039,0.339855
199,2928,2085118,2070,0.340455
200,2930,2090632,2104,0.341364
201,2938,2094406,2108,0.342456
202,2905,2095305,2111,0.344063
203,2912,2098175,2142,0.345265
204,2915,2097425,2159,0.347167
205,2958,2105313,2170,0.347528
206,2946,2108716,2162,0.34858
207,2966,2117548,2167,0.348722
208,2889,2105431,2158,0.352482
209,2924,2112239,2123,0.35307
210,2912,2112592,2145,0.354702
211,2889,2109751,2144,0.356852
212,2851,2104334,2150,0.359505
213,2959,2119318,2168,0.358694
214,2918,2116386,2177,0.360955
215,2840,2103507,2171,0.364841
216,2823,2095781,2152,0.367962
217,2853,2099615,2174,0.36901
218,2825,2090985,2172,0.372267
219,2927,2107683,2164,0.37101
220,2869,2104647,2152,0.373226
221,2929,2114387,2157,0.373272
222,2902,2118332,2157,0.374272
223,2852,2108428,2147,0.377705
224,2841,2106097,2138,0.379886
225,2899,2114030,2158,0.380096
226,2908,2122612,2174,0.380261
227,2943,2134999,2174,0.379742
228,2850,2125068,2171,0.383297
229,2798,2112785,2171,0.387295
230,2919,2126913,2120,0.386472
231,2864,2124107,2136,0.388697
232,2863,2122743,2108,0.390675
233,2855,2123233,2113,0.392323
234,2817,2115518,2106,0.395451
235,2824,2116910,2081,0.396972
236,2862,2121847,2135,0.397704
237,2848,2122833,2145,0.399235
238,2857,2129500,2171,0.399683
239,2849,2130996,2187,0.401139
240,2836,2124790,2200,0.403982
241,2779,2113274,2182,0.407804
242,2875,2125188,2181,0.407246
243,2789,2112010,2180,0.411445
244,2769,2102983,2149,0.414875
245,2743,2101970,2145,0.416758
246,2926,2127248,2140,0.41346
247,2777,2110976,2136,0.418348
248,2763,2109702,2140,0.420336
249,2766,2110898,2155,0.421829
250,2797,2113876,2136,0.423049
251,2838,2126269,2153,0.422245
252,2830,2128714,2159,0.423394
253,2806,2123947,2143,0.426035
254,2830,2126174,2170,0.427288
255,2749,2113795,2132,0.431386
256,2837,2124352,2133,0.431043
257,2841,2131171,2109,0.43124
258,2721,2116523,2124,0.435987
259,2781,2117637,2131,0.437486
260,2747,2113252,2094,0.44006
261,2678,2099859,2104,0.444635
262,2846,2121259,2158,0.441858
263,2794,2121382,2183,0.44354
264,2832,2129166,2193,0.443642
265,2818,2126837,2158,0.445822
266,2813,2134091,2167,0.446005
267,2741,2121057,2160,0.45041
268,2703,2108418,2146,0.454728
269,2796,2124823,2168,0.452834
270,2771,2127920,2169,0.45384
271,2837,2141699,2171,0.452526
272,2779,2133268,2164,0.455924
273,2781,2135289,2152,0.457116
274,2848,2147205,2173,0.456194
275,2814,2144817,2168,0.458376
276,2663,2122301,2141,0.464755
277,2764,2130778,2151,0.464519
278,2813,2139008,2148,0.464333
279,2758,2136998,2131,0.466476
280,2793,2137608,2140,0.467969
281,2741,2130733,2167,0.471151
282,2692,2122438,2172,0.474744
283,2763,2131104,2174,0.474429
284,2791,2133983,2172,0.475477
285,2782,2135925,2145,0.476702
286,2772,2133348,2166,0.47893
287,2694,2122598,2155,0.482915
288,2753,2128543,2167,0.483245
289,2696,2122671,2150,0.486243
290,2753,2127724,2203,0.486719
291,2679,2122035,2159,0.489708
292,2739,2129345,2194,0.489707
293,2693,2122764,2182,0.49288
294,2802,2139040,2200,0.490769
295,2763,2135785,2190,0.493188
296,2698,2131105,2182,0.49601
297,2804,2148597,2219,0.493696
298,2739,2144561,2230,0.496304
299,2644,2129444,2216,0.501464
300,2678,2127077,2211,0.503787
