cycle,Population_size,Deleterious_muts,Beneficial_muts,Pct_del_destined_fix
1,2,0,0,0.0
2,8,582,1,6.25
3,32,2862,3,2.54084
4,128,12060,12,0.895717
5,512,48892,41,0.294605
6,2048,195476,195,0.0918567
7,3265,402422,407,0.0535374
8,3292,530806,514,0.0474221
9,3268,627049,619,0.0458611
10,3280,703841,703,0.0459732
11,3252,769334,750,0.0467196
12,3264,826508,786,0.0478655
13,3219,868141,891,0.049704
14,3217,908364,927,0.0514912
15,3195,945929,978,0.0532288
16,3311,994265,1011,0.0542664
17,3251,1030845,1023,0.0558051
18,3278,1069355,1078,0.0571388
19,3218,1095456,1133,0.0590677
20,3175,1114838,1131,0.061282
21,3350,1162262,1162,0.0618675
22,3200,1169583,1178,0.0645664
23,3217,1192634,1203,0.0663296
24,3276,1224713,1211,0.0675306
25,3193,1234908,1262,0.0698344
26,3257,1264923,1282,0.0710193
27,3183,1276655,1280,0.0731902
28,3256,1309554,1293,0.0741102
29,3225,1322563,1310,0.0760987
30,3195,1333654,1343,0.0781777
31,3267,1360358,1328,0.079289
32,3281,1379876,1346,0.0808077
33,3212,1386886,1347,0.0829774
34,3172,1391849,1369,0.0852383
35,3279,1419590,1388,0.0861308
36,3251,1433905,1427,0.0877566
37,3270,1450030,1448,0.0892653
38,3243,1465701,1469,0.0907375
39,3215,1472573,1492,0.0927562
40,3328,1505983,1545,0.0930687
41,3282,1515199,1529,0.0948604
42,3193,1512477,1520,0.097428
43,3161,1515480,1516,0.099576
44,3108,1512371,1517,0.102086
45,3124,1519379,1502,0.103962
46,3253,1549806,1529,0.10427
47,3191,1557827,1537,0.10607
48,3236,1575979,1591,0.107076
49,3207,1582160,1604,0.108922
50,3211,1588552,1614,0.110793
51,3269,1604808,1606,0.111914
52,3183,1603889,1623,0.114184
53,3112,1598047,1608,0.116843
54,3134,1609207,1635,0.118299
55,3175,1620574,1611,0.119665
56,3169,1630367,1629,0.121139
57,3174,1640717,1674,0.122529
58,3163,1648351,1685,0.124212
59,3130,1645782,1682,0.126639
60,3150,1654493,1671,0.128089
61,3194,1673020,1719,0.12881
62,3244,1688072,1740,0.1298
63,3141,1680101,1752,0.132514
64,3259,1704514,1774,0.132695
65,3135,1697736,1777,0.135329
66,3128,1698059,1772,0.137374
67,3200,1713924,1782,0.138209
68,3240,1730798,1820,0.138892
69,3143,1728671,1779,0.141218
70,3153,1737143,1787,0.142579
71,3112,1735102,1786,0.144838
72,3120,1741508,1783,0.146291
73,3159,1752892,1785,0.147452
74,3126,1756286,1759,0.149187
75,3113,1762488,1792,0.150685
76,3182,1782192,1827,0.151036
77,3106,1777955,1783,0.153419
78,3196,1793037,1805,0.154239
79,3245,1806518,1845,0.155166
80,3157,1801621,1813,0.157579
81,3109,1797891,1860,0.159856
82,3167,1810362,1856,0.160779
83,3140,1816228,1851,0.162274
84,3148,1820761,1830,0.163885
85,3048,1806936,1813,0.167079
86,3182,1827291,1850,0.167158
87,3146,1830461,1853,0.168834
88,3186,1840362,1873,0.169906
89,3203,1850962,1873,0.170868
90,3084,1843094,1880,0.173599
91,3258,1869383,1911,0.173043
92,3129,1860919,1891,0.175765
93,3103,1860784,1892,0.177707
94,3122,1867480,1913,0.178995
95,3068,1861923,1912,0.181448
96,3148,1876077,1935,0.181994
97,3122,1881080,1994,0.183447
98,3064,1870520,1964,0.186389
99,3093,1877053,1947,0.187653
100,3133,1885674,1958,0.18868
101,3183,1901462,1945,0.188999
102,2954,1872938,1957,0.193711
103,3144,1896790,1966,0.193229
104,3076,1897816,1991,0.195012
105,3081,1901900,1953,0.196521
106,3084,1905283,1950,0.198095
107,3072,1906165,1954,0.199819
108,3157,1924298,1969,0.199886
109,3074,1918278,1970,0.202366
110,3139,1928027,1988,0.203192
111,3088,1924483,1993,0.205448
112,3026,1917402,1953,0.208121
113,3084,1928292,1943,0.208815
114,3046,1926508,1903,0.210884
115,3006,1920179,1921,0.213394
116,3029,1922869,1902,0.215012
117,3066,1934909,1939,0.215597
118,3020,1932791,1956,0.217671
119,3110,1944418,1963,0.218174
120,3172,1960971,1935,0.218149
121,3074,1955259,1951,0.220665
122,3103,1965882,1945,0.221263
123,3041,1962553,1972,0.223549
124,3039,1958480,1983,0.225822
125,3014,1951731,2003,0.228385
126,3091,1964359,2008,0.228731
127,3098,1975470,2008,0.229271
128,3002,1966004,1994,0.232252
129,3010,1967964,2002,0.233811
130,3076,1975747,2014,0.234717
131,3039,1976678,2035,0.236452
132,3081,1984376,2060,0.23733
133,2991,1976223,2070,0.240155
134,3116,1996256,2121,0.239517
135,3039,1991200,2135,0.241876
136,2963,1980615,2089,0.245021
137,3050,1995771,2082,0.244942
138,3020,1991797,2052,0.247233
139,2928,1979087,2013,0.25063
140,3060,1998841,2042,0.250002
141,3080,2007674,2069,0.250699
142,3050,2008997,2052,0.252347
143,3025,2009240,2052,0.254149
144,3078,2020389,2050,0.254572
145,3024,2018302,2061,0.256616
146,3044,2026698,2070,0.257308
147,2993,2021983,2112,0.259708
148,2935,2011403,2069,0.262827
149,3026,2024652,2086,0.262899
150,3005,2025198,2064,0.264585
151,3096,2041114,2088,0.26424
152,3130,2057479,2116,0.263899
153,3096,2062437,2124,0.265037
154,2987,2048136,2089,0.268647
155,3046,2050330,2115,0.27014
156,2896,2027366,2111,0.27502
157,3054,2044708,2108,0.274484
158,2927,2030335,2080,0.27814
159,3013,2042912,2095,0.278189
160,2999,2045879,2094,0.279567
161,2997,2047605,2104,0.281041
162,3010,2048936,2077,0.28259
163,3039,2058299,2089,0.283037
164,3002,2054043,2076,0.285368
165,3019,2062645,2081,0.285876
166,2905,2047798,2093,0.289709
167,2907,2043731,2087,0.292094
168,2991,2053348,2108,0.292428
169,3083,2074765,2139,0.291109
170,2972,2062658,2111,0.29457
171,2989,2063958,2081,0.296189
172,3040,2074750,2080,0.296343
173,2964,2064995,2061,0.299496
174,2877,2050367,2053,0.303432
175,2982,2062548,2061,0.303396
176,2933,2058859,2037,0.305728
177,2933,2057637,2032,0.3077
178,3042,2077390,2089,0.306533
179,2914,2065298,2097,0.310132
180,2962,2073387,2135,0.31057
181,3029,2086936,2146,0.310273
182,2928,2075468,2110,0.313773
183,2992,2086738,2122,0.313829
184,2956,2080772,2117,0.316462
185,3055,2097485,2128,0.315697
186,2953,2090016,2118,0.318648
187,2912,2084232,2100,0.321261
188,2974,2096555,2140,0.321085
189,3000,2103130,2121,0.321755
190,2845,2078141,2130,0.32734
191,2960,2095056,2127,0.326358
192,2904,2089575,2110,0.328895
193,2953,2097251,2102,0.329445
194,2876,2091360,2115,0.332085
195,2971,2103086,2121,0.331875
196,2989,2112536,2131,0.33205
197,2938,2105400,2113,0.334871
198,2991,2111443,2113,0.335647
199,2893,2099520,2124,0.33926
200,2866,2094877,2103,0.341852
201,2918,2100324,2133,0.342717
202,2963,2109141,2152,0.342955
203,3006,2120902,2156,0.342736
204,2939,2115345,2163,0.345411
205,2967,2119534,2166,0.346402
206,2936,2113585,2125,0.349085
207,2900,2108661,2108,0.351594
208,2899,2112289,2101,0.352721
209,2956,2119258,2104,0.353188
210,2826,2100074,2077,0.358089
211,2846,2097033,2092,0.360348
212,2892,2106736,2133,0.360383
213,2864,2108518,2132,0.361732
214,2933,2119760,2165,0.361519
215,2844,2108374,2137,0.365258
216,2947,2119083,2135,0.365045
217,2836,2103127,2111,0.369494
218,2915,2112963,2096,0.369378
219,2893,2112642,2110,0.371212
220,2920,2121238,2111,0.37141
221,2948,2128948,2110,0.371757
222,2866,2119231,2119,0.375117
223,2880,2122148,2123,0.376418
224,2854,2113718,2123,0.379515
225,2876,2117060,2132,0.380695
226,2904,2124047,2114,0.381193
227,2874,2119595,2131,0.383733
228,2972,2137784,2129,0.38218
229,2804,2114790,2138,0.388056
230,2904,2126144,2151,0.38764
231,2878,2127330,2149,0.389105
232,2863,2127555,2130,0.390793
233,2872,2128857,2130,0.392181
234,2843,2125114,2128,0.394519
235,2891,2133192,2129,0.394768
236,2952,2149790,2143,0.393376
237,2804,2130445,2154,0.398603
238,2754,2119974,2166,0.402328
239,2874,2134337,2168,0.401331
240,2866,2138248,2160,0.402311
241,2861,2140916,2177,0.403424
242,2934,2152471,2207,0.402902
243,2874,2147849,2186,0.4054
244,2803,2135580,2166,0.409377
245,2838,2139188,2186,0.410343
246,2848,2138875,2177,0.412057
247,2812,2135313,2139,0.414412
248,2907,2149247,2163,0.413375
249,2838,2144406,2144,0.415922
250,2790,2137219,2158,0.418987
251,2853,2148700,2167,0.418467
252,2852,2150798,2183,0.419666
253,2861,2147497,2175,0.422034
254,2838,2146386,2189,0.423891
255,2851,2148394,2216,0.425223
256,2901,2159297,2206,0.424698
257,2874,2159777,2239,0.426299
258,2836,2153438,2210,0.429165
259,2850,2155541,2171,0.430396
260,2787,2150765,2194,0.433041
261,2802,2148244,2159,0.435239
262,2799,2144266,2180,0.437592
263,2833,2151182,2166,0.437878
264,2867,2161468,2189,0.437489
265,2781,2153778,2186,0.440752
266,2821,2159538,2179,0.441319
267,2886,2170168,2195,0.440846
268,2681,2137111,2158,0.449285
269,2856,2160778,2227,0.446015
270,2743,2146668,2183,0.45075
271,2785,2152808,2196,0.451165
272,2792,2155456,2188,0.452218
273,2819,2160283,2168,0.452837
274,2754,2148080,2191,0.457032
275,2825,2157612,2209,0.456653
276,2812,2163946,2206,0.456948
277,2779,2159229,2180,0.459602
278,2833,2164233,2179,0.460209
279,2866,2170297,2191,0.460626
280,2858,2173582,2193,0.461533
281,2809,2170201,2187,0.463919
282,2714,2153993,2132,0.469084
283,2734,2153906,2158,0.470743
284,2836,2165067,2162,0.469976
285,2787,2160391,2175,0.472687
286,2799,2164934,2190,0.473332
287,2756,2161692,2197,0.475674
288,2786,2165761,2156,0.476422
289,2782,2163575,2177,0.478415
290,2787,2161737,2164,0.480433
291,2765,2159288,2183,0.482667
292,2769,2162209,2168,0.483609
293,2840,2176134,2202,0.482275
294,2739,2160949,2200,0.487394
295,2793,2169855,2166,0.487038
296,2719,2161849,2179,0.490429
297,2720,2161743,2183,0.49209
298,2787,2171469,2166,0.491618
299,2790,2171924,2158,0.493099
300,2792,2173687,2187,0.494191
301,2695,2158375,2169,0.499366
302,2783,2166051,2196,0.499222
303,2738,2161527,2197,0.501925
304,2753,2160831,2177,0.503738
305,2782,2166010,2158,0.504124
306,2696,2155336,2169,0.508375
307,2741,2160003,2157,0.508961
308,2720,2159742,2153,0.510695
309,2731,2157956,2160,0.512747
310,2729,2155273,2175,0.515053
311,2736,2156887,2179,0.516315
312,2768,2165106,2183,0.516104
313,2724,2160819,2185,0.51883
314,2799,2172346,2185,0.517699
315,2672,2158518,2147,0.522793
316,2671,2153662,2159,0.525647
317,2705,2157512,2167,0.526341
318,2709,2162226,2199,0.526802
319,2722,2164884,2205,0.527816
320,2699,2158517,2216,0.530999
321,2621,2145893,2182,0.535761
322,2751,2164613,2195,0.532795
323,2721,2166049,2176,0.534082
324,2651,2154695,2166,0.538503
325,2709,2161844,2163,0.538392
326,2704,2162251,2182,0.539932
327,2661,2154361,2155,0.543518
328,2752,2166193,2193,0.542169
329,2663,2156275,2190,0.546304
330,2651,2150038,2189,0.54961
331,2653,2146836,2193,0.55208
332,2658,2147575,2185,0.553545
333,2807,2168497,2214,0.54982
334,2673,2153426,2162,0.555328
335,2743,2165816,2205,0.55395
336,2690,2159073,2188,0.557324
337,2744,2169156,2169,0.556427
338,2663,2160824,2168,0.560258
339,2609,2147831,2175,0.565372
340,2667,2152263,2193,0.565944
341,2712,2157558,2195,0.56616
342,2627,2146452,2161,0.570874
343,2752,2164854,2170,0.567671
344,2658,2159169,2165,0.570823
345,2696,2162497,2149,0.571696
346,2675,2154756,2141,0.5754
347,2707,2157671,2155,0.576189
348,2721,2164157,2137,0.576087
349,2604,2147498,2142,0.582234
350,2693,2156493,2141,0.581453
351,2609,2148472,2126,0.58522
352,2676,2154424,2165,0.58525
353,2707,2158898,2180,0.585704
354,2736,2169796,2218,0.584401
355,2593,2150717,2181,0.591259
356,2600,2147987,2167,0.593679
357,2652,2154257,2147,0.59353
358,2672,2161002,2133,0.593416
359,2598,2151771,2126,0.597589
360,2746,2173486,2159,0.593214
361,2537,2141992,2163,0.603564
362,2653,2148923,2158,0.603282
363,2687,2154451,2146,0.603507
364,2607,2148098,2159,0.606869
365,2733,2170910,2182,0.602164
366,2625,2157448,2165,0.607705
367,2674,2163876,2175,0.607536
368,2658,2162339,2183,0.609574
369,2669,2164123,2177,0.6108
370,2716,2177661,2183,0.608552
371,2690,2172072,2150,0.611832
372,2624,2166509,2123,0.614966
373,2600,2160099,2077,0.618471
374,2656,2163038,2101,0.619277
375,2680,2169541,2147,0.619095
376,2594,2156320,2127,0.624395
377,2629,2163696,2149,0.623826
378,2590,2158079,2133,0.627141
379,2620,2162213,2164,0.627618
380,2588,2157293,2150,0.63073
381,2653,2169847,2169,0.628725
382,2689,2175578,2201,0.628786
383,2556,2157964,2204,0.635646
384,2573,2153373,2211,0.638617
385,2601,2158712,2157,0.638758
386,2665,2170778,2174,0.636888
387,2603,2164126,2169,0.640453
388,2605,2159721,2155,0.643383
389,2640,2163346,2148,0.643937
390,2569,2152080,2137,0.648954
391,2581,2151558,2122,0.650716
392,2585,2151538,2127,0.65231
393,2607,2153078,2121,0.653353
394,2546,2149450,2089,0.656207
395,2582,2148012,2119,0.658404
396,2471,2130842,2094,0.665509
397,2616,2144333,2119,0.663075
398,2570,2142841,2154,0.665236
399,2566,2140026,2119,0.667706
400,2652,2155871,2135,0.664486
401,2667,2163350,2161,0.663841
402,2579,2155899,2145,0.667812
403,2641,2164723,2140,0.666588
404,2651,2170923,2152,0.666237
405,2576,2159473,2131,0.67142
406,2533,2148134,2151,0.676707
407,2595,2153080,2164,0.676883
408,2625,2161202,2183,0.67622
409,2541,2149752,2161,0.681557
410,2563,2148996,2129,0.683406
411,2548,2150156,2144,0.684843
412,2619,2160274,2150,0.683351
413,2575,2156089,2143,0.686419
414,2574,2155363,2165,0.688309
415,2563,2154835,2185,0.690092
416,2531,2146629,2169,0.69447
417,2507,2141514,2157,0.697912
418,2626,2157004,2128,0.694535
419,2558,2148136,2114,0.699195
420,2553,2143751,2140,0.70241
421,2556,2146554,2127,0.703102
422,2497,2140145,2115,0.706781
423,2540,2142174,2125,0.707703
424,2539,2145903,2115,0.708081
425,2520,2142793,2139,0.710739
426,2548,2147014,2144,0.71111
427,2572,2151816,2176,0.711181
428,2547,2150447,2142,0.71328
429,2479,2139904,2168,0.718503
430,2543,2144567,2145,0.718561
431,2529,2145287,2142,0.720008
432,2520,2141080,2131,0.723105
433,2614,2153856,2139,0.720459
434,2537,2150664,2157,0.723287
435,2494,2139306,2141,0.728845
436,2479,2133438,2135,0.732545
437,2544,2142901,2136,0.730962
438,2523,2145174,2159,0.731892
439,2537,2143165,2155,0.734237
440,2430,2124357,2140,0.74259
441,2490,2131034,2112,0.741755
442,2527,2135748,2110,0.741816
443,2379,2111864,2105,0.751767
444,2596,2139355,2128,0.743744
445,2498,2132058,2108,0.747868
446,2507,2137126,2113,0.747728
447,2530,2141253,2122,0.748021
448,2548,2145684,2104,0.748152
449,2479,2140271,2120,0.751803
450,2430,2127321,2144,0.758038
451,2407,2120901,2125,0.761994
452,2523,2135330,2130,0.758648
453,2546,2144312,2161,0.75726
454,2494,2139326,2135,0.760744
455,2460,2131260,2121,0.765316
456,2519,2137477,2120,0.764773
457,2491,2134673,2137,0.76746
458,2493,2135130,2135,0.769
459,2514,2135008,2107,0.770691
460,2423,2122861,2086,0.776694
461,2522,2137160,2122,0.773096
462,2472,2129291,2088,0.777694
463,2525,2136936,2102,0.776525
464,2539,2146130,2094,0.774976
465,2510,2142799,2089,0.777815
466,2452,2132787,2104,0.783076
467,2491,2138123,2096,0.782797
468,2482,2136619,2079,0.785042
469,2478,2136625,2080,0.786646
470,2479,2135382,2065,0.788793
471,2542,2145377,2107,0.786863
472,2526,2148197,2161,0.787466
473,2478,2144581,2183,0.790471
474,2484,2141124,2180,0.793412
475,2469,2139894,2156,0.79548
476,2458,2137394,2164,0.798148
477,2452,2131495,2125,0.802038
478,2521,2142224,2164,0.799807
479,2459,2136350,2172,0.803653
480,2516,2143588,2203,0.802769
481,2433,2137396,2168,0.806918
482,2473,2138233,2142,0.808313
483,2513,2145751,2189,0.80716
484,2434,2135808,2155,0.81254
485,2394,2124009,2161,0.818635
486,2461,2129106,2166,0.818338
487,2446,2128791,2137,0.820088
488,2361,2110064,2104,0.829011
489,2415,2111865,2088,0.829838
490,2486,2123153,2073,0.827075
491,2541,2139465,2061,0.822373
492,2424,2130205,2070,0.82768
493,2443,2127555,2071,0.83017
494,2436,2127484,2090,0.831952
495,2487,2135439,2109,0.830447
496,2459,2135268,2124,0.832109
497,2554,2151418,2149,0.827666
498,2483,2148614,2121,0.830528
499,2387,2132453,2143,0.838413
500,2411,2131445,2129,0.840513
501,2378,2127421,2115,0.843652
502,2428,2131253,2131,0.844004
503,2508,2146826,2126,0.83959
504,2464,2144064,2094,0.842326
505,2452,2140156,2077,0.845578
506,2484,2142281,2082,0.846585
507,2444,2135984,2107,0.850876
508,2416,2128213,2117,0.855655
509,2401,2121116,2094,0.860139
510,2457,2132382,2098,0.857331
511,2497,2141631,2083,0.855221
512,2510,2147189,2114,0.85465
513,2364,2126100,2106,0.864713
514,2459,2134106,2104,0.863093
515,2426,2130759,2117,0.86617
516,2492,2141522,2119,0.863607
517,2362,2128200,2095,0.870715
518,2400,2127025,2086,0.872928
519,2359,2122047,2087,0.876548
520,2343,2110627,2065,0.882998
521,2420,2120426,2059,0.880455
522,2314,2105261,2073,0.888417
523,2397,2116124,2076,0.885598
524,2492,2132525,2104,0.88044
525,2417,2125701,2094,0.88492
526,2379,2120618,2064,0.888644
527,2410,2123924,2066,0.888883
528,2384,2117265,2088,0.89331
529,2399,2116279,2100,0.895305
530,2334,2105116,2067,0.901634
531,2385,2110256,2085,0.90137
532,2434,2115015,2092,0.901026
533,2447,2121183,2123,0.89986
534,2413,2116394,2121,0.903659
535,2432,2122596,2114,0.902724
536,2412,2124362,2149,0.90355
537,2373,2115126,2122,0.909271
538,2350,2110210,2109,0.913043
539,2436,2120730,2120,0.910223
540,2421,2120531,2110,0.912048
541,2339,2111552,2108,0.917721
542,2389,2116019,2113,0.917488
543,2361,2112671,2072,0.920587
544,2378,2114675,2093,0.921481
545,2341,2108785,2095,0.925742
546,2455,2123219,2137,0.921061
547,2330,2110150,2112,0.928407
548,2306,2100567,2113,0.934475
549,2371,2109160,2124,0.93246
550,2347,2105177,2115,0.935816
551,2342,2105732,2080,0.937284
552,2378,2107957,2102,0.938112
553,2343,2102277,2113,0.942407
554,2330,2099018,2107,0.945551
555,2345,2098394,2092,0.947359
556,2304,2090952,2095,0.95247
557,2359,2097226,2126,0.951376
558,2333,2094714,2093,0.95427
559,2307,2094368,2114,0.956121
560,2377,2105225,2100,0.952805
561,2374,2109290,2114,0.95266
562,2460,2120202,2135,0.949497
563,2322,2104348,2089,0.958297
564,2273,2092482,2097,0.96551
565,2305,2088578,2100,0.968997
566,2296,2085392,2071,0.972123
567,2437,2109345,2099,0.962763
568,2279,2087678,2082,0.974397
569,2328,2085265,2065,0.977289
570,2396,2098805,2063,0.972713
571,2321,2088812,2049,0.979035
572,2344,2093822,2062,0.978391
573,2344,2095793,2062,0.979202
574,2280,2084539,2030,0.986296
575,2376,2096089,2051,0.982587
576,2387,2101192,2058,0.982003
577,2388,2103831,2064,0.98236
578,2342,2097666,2089,0.986887
579,2338,2096589,2080,0.989036
580,2419,2111965,2114,0.983335
581,2302,2099917,2087,0.990682
582,2370,2106667,2088,0.989201
583,2363,2105170,2091,0.991623
584,2373,2106997,2084,0.992441
585,2263,2087711,2113,1.00362
586,2333,2091910,2085,1.00335
587,2330,2087226,2082,1.00726
588,2335,2092168,2076,1.00649
589,2293,2083999,2067,1.01223
590,2319,2091574,2062,1.01022
591,2301,2089607,2056,1.01297
592,2265,2081476,2040,1.01868
593,2287,2082927,2026,1.01972
594,2310,2086201,2040,1.01996
595,2329,2089127,2075,1.02012
596,2258,2076336,2051,1.02809
597,2228,2067530,2017,1.03436
598,2265,2067747,2012,1.03586
599,2297,2072735,2005,1.03502
600,2311,2073278,2024,1.03636
601,2248,2066940,2023,1.04131
602,2290,2070211,2020,1.04132
603,2226,2062053,1998,1.04719
604,2229,2056303,1983,1.05176
605,2281,2061643,1978,1.05094
606,2243,2055245,1997,1.05588
607,2280,2058781,1981,1.05576
608,2243,2055468,1991,1.05924
609,2289,2059609,1998,1.05894
610,2281,2060768,2016,1.06021
611,2283,2063484,2005,1.06056
612,2229,2055074,1995,1.06669
613,2309,2064214,1990,1.0637
614,2326,2069106,2021,1.06279
615,2289,2070214,2048,1.06399
616,2285,2072630,2044,1.06466
617,2321,2076628,2068,1.06432
618,2296,2078190,2092,1.06524
619,2259,2072705,2059,1.06975
620,2262,2070635,2028,1.07245
621,2267,2069403,2035,1.07476
622,2218,2055933,2014,1.08371
623,2256,2059043,2041,1.08378
624,2296,2067089,2045,1.08123
625,2284,2069942,2080,1.0815
626,2270,2069478,2073,1.08343
627,2236,2063214,2081,1.08821
628,2249,2062010,2065,1.09068
629,2258,2063868,2042,1.09145
630,2307,2070208,2109,1.0898
631,2217,2061193,2096,1.09635
632,2203,2056048,2069,1.10114
633,2232,2057324,2090,1.10229
634,2215,2054648,2068,1.10564
635,2250,2062110,2098,1.1033
636,2294,2068280,2119,1.10176
637,2233,2061332,2112,1.10734
638,2230,2060563,2116,1.10947
639,2248,2062814,2093,1.11004
640,2286,2067731,2096,1.10923
641,2208,2055517,2065,1.1176
642,2206,2048166,2063,1.12329
643,2270,2052563,2057,1.12259
644,2267,2055744,2063,1.12253
645,2246,2057618,2051,1.12324
646,2152,2042325,2016,1.13335
647,2238,2046640,2068,1.13283
648,2168,2037053,2022,1.13985
649,2217,2043877,2038,1.13772
650,2287,2057804,2066,1.13189
651,2200,2049192,2034,1.1384
652,2287,2060516,2067,1.13375
653,2256,2060891,2034,1.13525
654,2223,2056837,2042,1.13905
655,2284,2065272,2044,1.13603
656,2150,2044816,2018,1.14901
657,2286,2063680,2040,1.14028
658,2262,2060853,2033,1.14364
659,2267,2063448,2027,1.14405
660,2213,2056946,2026,1.14934
661,2175,2051149,2003,1.15436
662,2225,2056985,1997,1.15281
663,2261,2062707,2005,1.15133
664,2146,2041772,1972,1.16491
665,2220,2048590,1983,1.16263
666,2134,2035437,1958,1.17203
667,2241,2045337,1995,1.16802
668,2263,2052989,1997,1.16536
669,2165,2041275,1997,1.17372
670,2209,2044432,1958,1.17363
671,2217,2041559,1971,1.17702
672,2199,2040981,1979,1.179
673,2255,2052853,2001,1.17388
674,2209,2049938,1989,1.17729
675,2167,2038062,1983,1.18584
676,2212,2044264,1993,1.18399
677,2160,2037193,2013,1.18986
678,2184,2035276,2020,1.19283
679,2254,2048946,2045,1.18674
680,2110,2029194,2023,1.19996
681,2134,2023350,1994,1.20519
682,2139,2022226,2004,1.20765
683,2186,2028362,2005,1.20565
684,2145,2020629,2012,1.21211
685,2205,2026631,1993,1.21027
686,2157,2024304,1972,1.21329
687,2173,2029706,1979,1.21184
688,2190,2031061,1982,1.21285
689,2152,2025299,1969,1.218
690,2123,2016604,1952,1.22505
691,2155,2017053,1935,1.22649
692,2081,2005331,1928,1.23551
693,2162,2016864,1948,1.23024
694,2123,2012021,1967,1.23486
695,2213,2023603,1985,1.22963
696,2141,2012590,1944,1.238
697,2185,2018455,1950,1.23626
698,2105,2005862,1944,1.2459
699,2131,2007107,1931,1.2469
700,2176,2016865,1937,1.24278
701,2135,2011760,1928,1.24773
702,2147,2013633,1924,1.24851
703,2075,2001890,1914,1.25762
704,2187,2016208,1934,1.25042
705,2082,2002113,1922,1.26106
706,2108,1998516,1921,1.26506
707,2132,2003276,1900,1.2639
708,2193,2011354,1931,1.26057
709,2109,1998314,1886,1.27041
710,2095,1995528,1867,1.27372
711,2099,1995418,1910,1.27554
712,2120,1997691,1935,1.27573
713,2140,1999436,1916,1.27627
714,2117,1995217,1923,1.28079
715,2066,1985071,1916,1.28911
716,2173,1996598,1946,1.28354
717,2227,2009959,1944,1.27672
718,2019,1977658,1901,1.29912
719,2169,1994223,1931,1.2898
720,2153,1999828,1955,1.28783
721,2133,1996467,1936,1.2918
722,2110,1992397,1940,1.29627
723,2100,1991365,1935,1.29875
724,2135,1993794,1947,1.29916
725,2077,1985968,1966,1.30608
726,2088,1982177,1951,1.31027
727,2129,1987004,1956,1.30898
728,2195,2000128,1979,1.30201
729,2088,1991399,1978,1.30943
730,2133,1993281,1986,1.3101
731,2042,1976428,1957,1.32306
732,2035,1969148,1988,1.3297
733,2079,1972139,2010,1.32944
734,2045,1964900,1966,1.33617
735,2128,1976478,1986,1.33021
736,2137,1980349,1994,1.32938
737,2076,1972126,1981,1.33685
738,2083,1970245,1971,1.33992
739,2036,1962701,1960,1.34675
740,2111,1973054,1965,1.34143
741,2114,1975907,1958,1.3413
742,2128,1983028,1968,1.33828
743,2184,1992991,1973,1.33343
744,2103,1985825,1961,1.34008
745,2121,1987542,1972,1.34082
746,2112,1984723,1985,1.34441
747,2040,1971329,1994,1.35548
748,2105,1979087,2005,1.3518
749,2158,1985723,2012,1.34918
750,2087,1975692,2022,1.35785
751,2097,1976244,1985,1.3592
752,2012,1964923,1985,1.3688
753,2018,1959302,1978,1.37469
754,2113,1971831,1975,1.36786
755,2119,1977848,1983,1.36542
756,2055,1966935,1971,1.37478
757,2066,1966828,1966,1.37673
758,1996,1954097,1933,1.38753
759,2116,1971894,1932,1.37691
760,2072,1969879,1954,1.37998
761,2094,1974248,1921,1.37875
762,2072,1971108,1937,1.38269
763,2079,1968445,1923,1.3865
764,2041,1963858,1932,1.3917
765,2055,1962916,1936,1.39423
766,2094,1967324,1958,1.39279
767,2081,1968885,1995,1.39336
768,2051,1962966,1968,1.3992
769,2085,1966941,1984,1.39802
770,2093,1967649,2011,1.39932
771,2042,1955280,1983,1.40996
772,2109,1965349,1945,1.40461
773,2096,1968784,1943,1.40391
774,2093,1970649,1949,1.40446
775,2061,1966562,1964,1.40928
776,2125,1976843,1961,1.40379
777,2063,1969235,1972,1.41109
778,2052,1964329,1939,1.41629
779,2027,1961059,1953,1.42042
780,2001,1951680,1944,1.42903
781,2058,1960585,1931,1.42434
782,1999,1953223,1941,1.4314
783,2042,1956754,1948,1.43062
784,1984,1947311,1936,1.43966
785,2064,1955493,1967,1.43539
